[
	{"85"}
	{"0"
		{
			{"-1"}
			"root"
			{
				"0.999176", "-0.014429", "0.037934", "0.000000",
				"0.036700", "-0.077867", "-0.996288", "0.000000",
				"0.017329", "0.996859", "-0.077273", "0.000000",
				"4.030262", "72.758453", "10.386894", "1.000000"
			}
		}
	},
	{"1"
		{
			{"0"}
			"spine"
			{
				"0.999562", "0.020522", "0.021307", "0.000000",
				"-0.008705", "0.892408", "-0.451145", "0.000000",
				"-0.028273", "0.450762", "0.892196", "0.000000",
				"0.000473", "-3.012666", "19.821423", "1.000000"
			}
		}
	},
	{"2"
		{
			{"1"}
			"L_shoulder"
			{
				"-0.001100", "-0.303317", "0.952889", "0.000000",
				"-0.200037", "0.933697", "0.296976", "0.000000",
				"-0.979788", "-0.190286", "-0.061702", "0.000000",
				"-19.262024", "-5.010441", "26.178001", "1.000000"
			}
		}
	},
	{"3"
		{
			{"2"}
			"L_arm"
			{
				"0.362781", "-0.635604", "0.681468", "0.000000",
				"0.545748", "0.737671", "0.397494", "0.000000",
				"-0.755347", "0.227706", "0.614492", "0.000000",
				"-0.000100", "0.000256", "21.088709", "1.000000"
			}
		}
	},
	{"4"
		{
			{"3"}
			"L_forarm"
			{
				"0.432447", "-0.233489", "0.870903", "0.000000",
				"0.252136", "0.958671", "0.131821", "0.000000",
				"-0.865688", "0.162581", "0.473446", "0.000000",
				"-0.000052", "0.000304", "32.767223", "1.000000"
			}
		}
	},
	{"5"
		{
			{"4"}
			"L_hand"
			{
				"0.989554", "-0.062978", "-0.129677", "0.000000",
				"0.051090", "0.994350", "-0.093042", "0.000000",
				"0.134804", "0.085445", "0.987181", "0.000000",
				"-0.000055", "0.000177", "30.094110", "1.000000"
			}
		}
	},
	{"6"
		{
			{"5"}
			"L_finger"
			{
				"-0.178795", "0.671161", "-0.719427", "0.000000",
				"-0.983795", "-0.131920", "0.121427", "0.000000",
				"-0.013410", "0.729480", "0.683871", "0.000000",
				"-0.000655", "-0.002458", "24.467655", "1.000000"
			}
		}
	},
	{"7"
		{
			{"6"}
			"L_Middle1"
			{
				"0.038759", "-0.999024", "-0.021179", "0.000000",
				"0.070471", "-0.018409", "0.997344", "0.000000",
				"-0.996761", "-0.040149", "0.069689", "0.000000",
				"-1.050550", "-6.183539", "3.998110", "1.000000"
			}
		}
	},
	{"8"
		{
			{"7"}
			"L_Middle2"
			{
				"1.000000", "-0.000050", "-0.000036", "0.000000",
				"0.000035", "0.942738", "-0.333533", "0.000000",
				"0.000050", "0.333533", "0.942738", "0.000000",
				"-0.000069", "0.000237", "7.671762", "1.000000"
			}
		}
	},
	{"9"
		{
			{"8"}
			"L_Middle2_end"
			{
				"1.000000", "-0.000000", "0.000000", "0.000000",
				"0.000000", "1.000000", "0.000000", "0.000000",
				"0.000000", "0.000000", "1.000000", "0.000000",
				"0.000000", "0.000000", "7.736611", "1.000000"
			}
		}
	},
	{"10"
		{
			{"6"}
			"L_Index1"
			{
				"-0.158317", "-0.987231", "0.017652", "0.000000",
				"0.111062", "-0.000041", "0.993813", "0.000000",
				"-0.981122", "0.159298", "0.109650", "0.000000",
				"0.000492", "6.687592", "1.534725", "1.000000"
			}
		}
	},
	{"11"
		{
			{"10"}
			"L_Index2"
			{
				"1.000000", "-0.000050", "-0.000034", "0.000000",
				"0.000036", "0.942738", "-0.333535", "0.000000",
				"0.000049", "0.333535", "0.942738", "0.000000",
				"-0.000066", "0.000263", "7.671767", "1.000000"
			}
		}
	},
	{"12"
		{
			{"11"}
			"L_Index2_end"
			{
				"1.000000", "-0.000000", "0.000000", "0.000000",
				"0.000000", "1.000000", "0.000000", "0.000000",
				"0.000000", "0.000000", "1.000000", "0.000000",
				"0.000000", "0.000000", "7.819005", "1.000000"
			}
		}
	},
	{"13"
		{
			{"5"}
			"L_BUFFBONE_GLB_HAND_LOC"
			{
				"-0.983053", "-0.182094", "-0.021165", "0.000000",
				"-0.021943", "0.002259", "0.999757", "0.000000",
				"-0.182002", "0.983279", "-0.006217", "0.000000",
				"-0.000065", "0.000277", "-0.000478", "1.000000"
			}
		}
	},
	{"14"
		{
			{"13"}
			"L_BUFFBONE_GLB_HAND_LOC_end"
			{
				"1.000000", "-0.000000", "0.000000", "0.000000",
				"0.000000", "1.000000", "0.000000", "0.000000",
				"0.000000", "0.000000", "1.000000", "0.000000",
				"0.000000", "0.000000", "0.015707", "1.000000"
			}
		}
	},
	{"15"
		{
			{"5"}
			"L_Thumb1"
			{
				"0.109630", "0.547236", "0.829767", "0.000000",
				"-0.947411", "0.310039", "-0.079299", "0.000000",
				"-0.300656", "-0.777437", "0.552447", "0.000000",
				"-10.929102", "-2.508793", "11.624158", "1.000000"
			}
		}
	},
	{"16"
		{
			{"15"}
			"L_Thumb2"
			{
				"1.000000", "-0.000054", "-0.000027", "0.000000",
				"0.000028", "0.813859", "-0.581062", "0.000000",
				"0.000054", "0.581062", "0.813859", "0.000000",
				"-0.000079", "0.000261", "7.671761", "1.000000"
			}
		}
	},
	{"17"
		{
			{"16"}
			"L_Thumb2_end"
			{
				"1.000000", "-0.000000", "0.000000", "0.000000",
				"0.000000", "1.000000", "0.000000", "0.000000",
				"0.000000", "0.000000", "1.000000", "0.000000",
				"0.000000", "0.000000", "7.726036", "1.000000"
			}
		}
	},
	{"18"
		{
			{"4"}
			"L_hand_shackle"
			{
				"0.657115", "0.243329", "-0.713436", "0.000000",
				"0.134926", "0.893210", "0.428918", "0.000000",
				"0.741616", "-0.378110", "0.554110", "0.000000",
				"0.860336", "-10.078408", "24.761419", "1.000000"
			}
		}
	},
	{"19"
		{
			{"18"}
			"L_hand_shackle_b"
			{
				"0.921408", "-0.198027", "-0.334354", "0.000000",
				"0.192475", "0.980026", "-0.050019", "0.000000",
				"0.337581", "-0.018267", "0.941119", "0.000000",
				"-0.000040", "0.000114", "44.278965", "1.000000"
			}
		}
	},
	{"20"
		{
			{"19"}
			"L_hand_shackle_b_end"
			{
				"1.000000", "-0.000000", "0.000000", "0.000000",
				"0.000000", "1.000000", "0.000000", "0.000000",
				"0.000000", "0.000000", "1.000000", "0.000000",
				"0.000000", "0.000000", "44.253593", "1.000000"
			}
		}
	},
	{"21"
		{
			{"3"}
			"L_arm_Helper"
			{
				"0.999502", "0.030179", "-0.009231", "0.000000",
				"-0.030281", "0.999480", "-0.011050", "0.000000",
				"0.008893", "0.011324", "0.999896", "0.000000",
				"-0.000066", "0.000267", "-0.000463", "1.000000"
			}
		}
	},
	{"22"
		{
			{"21"}
			"L_arm_Helper_end"
			{
				"1.000000", "-0.000000", "0.000000", "0.000000",
				"0.000000", "1.000000", "0.000000", "0.000000",
				"0.000000", "0.000000", "1.000000", "0.000000",
				"0.000000", "0.000000", "32.764149", "1.000000"
			}
		}
	},
	{"23"
		{
			{"3"}
			"L_arm_Helper1"
			{
				"0.999645", "0.026627", "0.000081", "0.000000",
				"-0.026627", "0.999645", "0.000195", "0.000000",
				"-0.000075", "-0.000197", "1.000000", "0.000000",
				"-0.000066", "0.000267", "-0.000463", "1.000000"
			}
		}
	},
	{"24"
		{
			{"23"}
			"L_arm_Helper1_end"
			{
				"1.000000", "-0.000000", "0.000000", "0.000000",
				"0.000000", "1.000000", "0.000000", "0.000000",
				"0.000000", "0.000000", "1.000000", "0.000000",
				"0.000000", "0.000000", "32.764149", "1.000000"
			}
		}
	},
	{"25"
		{
			{"1"}
			"neck"
			{
				"0.002598", "-0.267658", "-0.963511", "0.000000",
				"-0.999543", "-0.029704", "0.005556", "0.000000",
				"-0.030108", "0.963056", "-0.267613", "0.000000",
				"0.000473", "15.620350", "37.730827", "1.000000"
			}
		}
	},
	{"26"
		{
			{"25"}
			"head"
			{
				"0.716175", "-0.074351", "0.693949", "0.000000",
				"0.035278", "0.996895", "0.070401", "0.000000",
				"-0.697028", "-0.025938", "0.716574", "0.000000",
				"-0.000155", "0.000270", "17.376215", "1.000000"
			}
		}
	},
	{"27"
		{
			{"26"}
			"C_BUFFBONE_GLB_HEAD_LOC"
			{
				"-0.030532", "0.037409", "-0.998833", "0.000000",
				"-0.997796", "-0.060034", "0.028252", "0.000000",
				"-0.058907", "0.997495", "0.039159", "0.000000",
				"0.241096", "0.000269", "9.032070", "1.000000"
			}
		}
	},
	{"28"
		{
			{"27"}
			"C_BUFFBONE_GLB_HEAD_LOC_end"
			{
				"1.000000", "-0.000000", "0.000000", "0.000000",
				"0.000000", "1.000000", "0.000000", "0.000000",
				"0.000000", "0.000000", "1.000000", "0.000000",
				"0.000000", "0.000000", "8.951116", "1.000000"
			}
		}
	},
	{"29"
		{
			{"26"}
			"head_b"
			{
				"0.101781", "0.086610", "-0.991029", "0.000000",
				"-0.991459", "0.090485", "-0.093918", "0.000000",
				"0.081539", "0.992124", "0.095081", "0.000000",
				"-0.000337", "0.000269", "36.512676", "1.000000"
			}
		}
	},
	{"30"
		{
			{"29"}
			"head_b_end"
			{
				"1.000000", "-0.000000", "0.000000", "0.000000",
				"0.000000", "1.000000", "0.000000", "0.000000",
				"0.000000", "0.000000", "1.000000", "0.000000",
				"0.000000", "0.000000", "8.951116", "1.000000"
			}
		}
	},
	{"31"
		{
			{"1"}
			"R_shoulder"
			{
				"0.041961", "-0.298874", "0.953370", "0.000000",
				"0.118681", "-0.945963", "-0.301776", "0.000000",
				"0.992045", "0.125809", "-0.004223", "0.000000",
				"19.262007", "-5.010445", "26.178013", "1.000000"
			}
		}
	},
	{"32"
		{
			{"31"}
			"R_arm"
			{
				"0.050347", "0.597597", "0.800214", "0.000000",
				"-0.729377", "0.569340", "-0.379291", "0.000000",
				"-0.682257", "-0.564561", "0.464538", "0.000000",
				"-0.000114", "0.000279", "21.088709", "1.000000"
			}
		}
	},
	{"33"
		{
			{"32"}
			"R_forarm"
			{
				"0.875784", "0.277894", "0.394686", "0.000000",
				"-0.280765", "0.958379", "-0.051785", "0.000000",
				"-0.392650", "-0.065462", "0.917355", "0.000000",
				"-0.000081", "0.000283", "32.767231", "1.000000"
			}
		}
	},
	{"34"
		{
			{"33"}
			"R_hand"
			{
				"0.830199", "0.075149", "0.552378", "0.000000",
				"-0.055966", "0.997102", "-0.051538", "0.000000",
				"-0.554650", "0.011873", "0.831999", "0.000000",
				"-0.000075", "0.000250", "30.094120", "1.000000"
			}
		}
	},
	{"35"
		{
			{"34"}
			"R_finger"
			{
				"-0.129485", "-0.734272", "-0.666393", "0.000000",
				"0.991581", "-0.095292", "-0.087674", "0.000000",
				"0.000875", "-0.672135", "0.740429", "0.000000",
				"0.000007", "-0.003387", "24.468672", "1.000000"
			}
		}
	},
	{"36"
		{
			{"35"}
			"R_Index1"
			{
				"-0.106398", "0.993864", "0.030237", "0.000000",
				"-0.191921", "0.009311", "-0.981366", "0.000000",
				"-0.975626", "-0.110219", "0.189753", "0.000000",
				"-0.210866", "-6.684909", "1.534200", "1.000000"
			}
		}
	},
	{"37"
		{
			{"36"}
			"R_Index2"
			{
				"1.000000", "0.000032", "-0.000052", "0.000000",
				"-0.000052", "0.892147", "-0.451745", "0.000000",
				"0.000032", "0.451745", "0.892147", "0.000000",
				"0.000076", "0.000275", "7.671745", "1.000000"
			}
		}
	},
	{"38"
		{
			{"37"}
			"R_Index2_end"
			{
				"1.000000", "-0.000000", "0.000000", "0.000000",
				"0.000000", "1.000000", "0.000000", "0.000000",
				"0.000000", "0.000000", "1.000000", "0.000000",
				"0.000000", "0.000000", "8.375259", "1.000000"
			}
		}
	},
	{"39"
		{
			{"35"}
			"R_Middle1"
			{
				"0.087146", "0.995891", "-0.024621", "0.000000",
				"-0.152768", "-0.011063", "-0.988200", "0.000000",
				"-0.984412", "0.089879", "0.151176", "0.000000",
				"-0.406753", "6.213933", "4.067324", "1.000000"
			}
		}
	},
	{"40"
		{
			{"39"}
			"R_Middle2"
			{
				"1.000000", "0.000032", "-0.000052", "0.000000",
				"-0.000052", "0.892147", "-0.451745", "0.000000",
				"0.000032", "0.451745", "0.892147", "0.000000",
				"0.000067", "0.000303", "7.671743", "1.000000"
			}
		}
	},
	{"41"
		{
			{"40"}
			"R_Middle2_end"
			{
				"1.000000", "-0.000000", "0.000000", "0.000000",
				"0.000000", "1.000000", "0.000000", "0.000000",
				"0.000000", "0.000000", "1.000000", "0.000000",
				"0.000000", "0.000000", "8.333183", "1.000000"
			}
		}
	},
	{"42"
		{
			{"34"}
			"BUFFBONE_GLB_WEAPON_1"
			{
				"-0.999894", "0.014546", "0.000273", "0.000000",
				"-0.000020", "-0.020141", "0.999797", "0.000000",
				"0.014548", "0.999691", "0.020139", "0.000000",
				"-0.000059", "0.000269", "-0.000469", "1.000000"
			}
		}
	},
	{"43"
		{
			{"42"}
			"BUFFBONE_GLB_WEAPON_1_end"
			{
				"1.000000", "-0.000000", "0.000000", "0.000000",
				"0.000000", "1.000000", "0.000000", "0.000000",
				"0.000000", "0.000000", "1.000000", "0.000000",
				"0.000000", "0.000000", "0.017279", "1.000000"
			}
		}
	},
	{"44"
		{
			{"34"}
			"R_BUFFBONE_GLB_HAND_LOC"
			{
				"-0.999894", "0.014546", "0.000273", "0.000000",
				"-0.000020", "-0.020141", "0.999797", "0.000000",
				"0.014548", "0.999691", "0.020139", "0.000000",
				"-0.000059", "0.000269", "-0.000469", "1.000000"
			}
		}
	},
	{"45"
		{
			{"44"}
			"R_BUFFBONE_GLB_HAND_LOC_end"
			{
				"1.000000", "-0.000000", "0.000000", "0.000000",
				"0.000000", "1.000000", "0.000000", "0.000000",
				"0.000000", "0.000000", "1.000000", "0.000000",
				"0.000000", "0.000000", "0.017279", "1.000000"
			}
		}
	},
	{"46"
		{
			{"34"}
			"R_Thumb1"
			{
				"0.109491", "-0.547429", "0.829658", "0.000000",
				"0.947434", "0.309927", "0.079463", "0.000000",
				"-0.300634", "0.777346", "0.552588", "0.000000",
				"-10.928810", "2.506292", "11.625124", "1.000000"
			}
		}
	},
	{"47"
		{
			{"46"}
			"R_Thumb2"
			{
				"1.000000", "0.000038", "-0.000050", "0.000000",
				"-0.000047", "0.982254", "-0.187555", "0.000000",
				"0.000042", "0.187555", "0.982254", "0.000000",
				"0.000075", "0.000273", "7.672709", "1.000000"
			}
		}
	},
	{"48"
		{
			{"47"}
			"R_Thumb2_end"
			{
				"1.000000", "-0.000000", "0.000000", "0.000000",
				"0.000000", "1.000000", "0.000000", "0.000000",
				"0.000000", "0.000000", "1.000000", "0.000000",
				"0.000000", "0.000000", "7.614629", "1.000000"
			}
		}
	},
	{"49"
		{
			{"33"}
			"R_hand_shackle"
			{
				"0.790829", "-0.344573", "-0.505825", "0.000000",
				"-0.020947", "0.810739", "-0.585033", "0.000000",
				"0.611678", "0.473256", "0.633939", "0.000000",
				"-0.729143", "14.571266", "27.331814", "1.000000"
			}
		}
	},
	{"50"
		{
			{"49"}
			"R_hand_shackle_b"
			{
				"0.986120", "0.053781", "-0.157082", "0.000000",
				"-0.066585", "0.994772", "-0.077422", "0.000000",
				"0.152097", "0.086807", "0.984546", "0.000000",
				"-0.000081", "0.000313", "22.797131", "1.000000"
			}
		}
	},
	{"51"
		{
			{"50"}
			"R_hand_shackle_b_end"
			{
				"1.000000", "-0.000000", "0.000000", "0.000000",
				"0.000000", "1.000000", "0.000000", "0.000000",
				"0.000000", "0.000000", "1.000000", "0.000000",
				"0.000000", "0.000000", "22.770702", "1.000000"
			}
		}
	},
	{"52"
		{
			{"32"}
			"R_arm_Helper"
			{
				"0.947656", "0.056764", "-0.314206", "0.000000",
				"-0.104846", "0.984825", "-0.138302", "0.000000",
				"0.301587", "0.164007", "0.939227", "0.000000",
				"-0.000065", "0.000269", "-0.000463", "1.000000"
			}
		}
	},
	{"53"
		{
			{"52"}
			"R_arm_Helper_end"
			{
				"1.000000", "-0.000000", "0.000000", "0.000000",
				"0.000000", "1.000000", "0.000000", "0.000000",
				"0.000000", "0.000000", "1.000000", "0.000000",
				"0.000000", "0.000000", "32.764126", "1.000000"
			}
		}
	},
	{"54"
		{
			{"32"}
			"R_arm_Helper1"
			{
				"0.999403", "-0.034495", "0.001966", "0.000000",
				"0.034487", "0.999397", "0.004090", "0.000000",
				"-0.002106", "-0.004020", "0.999990", "0.000000",
				"-0.000065", "0.000269", "-0.000463", "1.000000"
			}
		}
	},
	{"55"
		{
			{"54"}
			"R_arm_Helper1_end"
			{
				"1.000000", "-0.000000", "0.000000", "0.000000",
				"0.000000", "1.000000", "0.000000", "0.000000",
				"0.000000", "0.000000", "1.000000", "0.000000",
				"0.000000", "0.000000", "32.764126", "1.000000"
			}
		}
	},
	{"56"
		{
			{"1"}
			"C_BUFFBONE_GLB_CHEST_LOC"
			{
				"0.999795", "0.019933", "0.003532", "0.000000",
				"-0.018873", "0.854714", "0.518757", "0.000000",
				"0.007321", "-0.518717", "0.854915", "0.000000",
				"0.000473", "0.000063", "0.000272", "1.000000"
			}
		}
	},
	{"57"
		{
			{"56"}
			"C_BUFFBONE_GLB_CHEST_LOC_end"
			{
				"1.000000", "-0.000000", "0.000000", "0.000000",
				"0.000000", "1.000000", "0.000000", "0.000000",
				"0.000000", "0.000000", "1.000000", "0.000000",
				"0.000000", "0.000000", "32.894516", "1.000000"
			}
		}
	},
	{"58"
		{
			{"0"}
			"pelvis"
			{
				"0.978493", "-0.178901", "-0.102692", "0.000000",
				"-0.205559", "-0.887222", "-0.413016", "0.000000",
				"-0.017221", "0.425242", "-0.904916", "0.000000",
				"0.000473", "1.350973", "-15.334805", "1.000000"
			}
		}
	},
	{"59"
		{
			{"58"}
			"L_thigh"
			{
				"0.160924", "0.953421", "-0.255133", "0.000000",
				"-0.858296", "0.007564", "-0.513099", "0.000000",
				"-0.487269", "0.301550", "0.819534", "0.000000",
				"-9.403409", "0.198278", "0.202640", "1.000000"
			}
		}
	},
	{"60"
		{
			{"59"}
			"L_calf"
			{
				"0.724112", "0.177271", "-0.666511", "0.000000",
				"-0.061130", "0.979096", "0.193995", "0.000000",
				"0.686968", "-0.099731", "0.719812", "0.000000",
				"-0.000066", "0.000256", "26.483418", "1.000000"
			}
		}
	},
	{"61"
		{
			{"60"}
			"L_foot"
			{
				"0.018425", "-0.447484", "0.894102", "0.000000",
				"0.266538", "0.864091", "0.426972", "0.000000",
				"-0.963648", "0.230445", "0.135193", "0.000000",
				"-0.000076", "0.000232", "29.759611", "1.000000"
			}
		}
	},
	{"62"
		{
			{"61"}
			"L_foot_end"
			{
				"1.000000", "-0.000000", "0.000000", "0.000000",
				"0.000000", "1.000000", "0.000000", "0.000000",
				"0.000000", "0.000000", "1.000000", "0.000000",
				"0.000000", "0.000000", "21.230373", "1.000000"
			}
		}
	},
	{"63"
		{
			{"60"}
			"L_BUFFBONE_GLB_FOOT_LOC"
			{
				"-0.998416", "-0.056253", "0.000445", "0.000000",
				"0.000079", "-0.009318", "-0.999957", "0.000000",
				"0.056254", "-0.998373", "0.009308", "0.000000",
				"-0.000072", "0.193636", "21.084839", "1.000000"
			}
		}
	},
	{"64"
		{
			{"63"}
			"L_BUFFBONE_GLB_FOOT_LOC_end"
			{
				"1.000000", "-0.000000", "0.000000", "0.000000",
				"0.000000", "1.000000", "0.000000", "0.000000",
				"0.000000", "0.000000", "1.000000", "0.000000",
				"0.000000", "0.000000", "21.230373", "1.000000"
			}
		}
	},
	{"65"
		{
			{"58"}
			"R_thigh"
			{
				"0.445902", "0.851196", "0.276833", "0.000000",
				"-0.851202", "0.307602", "0.425249", "0.000000",
				"0.276816", "-0.425260", "0.861700", "0.000000",
				"9.403391", "0.198279", "0.202640", "1.000000"
			}
		}
	},
	{"66"
		{
			{"65"}
			"R_calf"
			{
				"0.337729", "-0.296297", "-0.893391", "0.000000",
				"0.022700", "0.951448", "-0.306971", "0.000000",
				"0.940970", "0.083393", "0.328058", "0.000000",
				"-0.000067", "0.000273", "26.483419", "1.000000"
			}
		}
	},
	{"67"
		{
			{"66"}
			"R_foot"
			{
				"-0.097762", "0.267830", "0.958493", "0.000000",
				"-0.425792", "0.859251", "-0.283528", "0.000000",
				"-0.899524", "-0.435837", "0.030037", "0.000000",
				"-0.000067", "0.000274", "29.759598", "1.000000"
			}
		}
	},
	{"68"
		{
			{"67"}
			"R_foot_end"
			{
				"1.000000", "-0.000000", "0.000000", "0.000000",
				"0.000000", "1.000000", "0.000000", "0.000000",
				"0.000000", "0.000000", "1.000000", "0.000000",
				"0.000000", "0.000000", "18.448429", "1.000000"
			}
		}
	},
	{"69"
		{
			{"66"}
			"R_BUFFBONE_GLB_FOOT_LOC"
			{
				"-0.999914", "-0.013122", "-0.000156", "0.000000",
				"0.000089", "0.005079", "-0.999987", "0.000000",
				"0.013123", "-0.999901", "-0.005078", "0.000000",
				"-0.000065", "-0.094838", "18.434988", "1.000000"
			}
		}
	},
	{"70"
		{
			{"69"}
			"R_BUFFBONE_GLB_FOOT_LOC_end"
			{
				"1.000000", "-0.000000", "0.000000", "0.000000",
				"0.000000", "1.000000", "0.000000", "0.000000",
				"0.000000", "0.000000", "1.000000", "0.000000",
				"0.000000", "0.000000", "18.448429", "1.000000"
			}
		}
	},
	{"71"
		{
			{"58"}
			"f_cloth"
			{
				"0.169886", "0.820584", "-0.545693", "0.000000",
				"0.132004", "0.529803", "0.837785", "0.000000",
				"0.976583", "-0.214362", "-0.018314", "0.000000",
				"0.000475", "-17.054365", "10.918490", "1.000000"
			}
		}
	},
	{"72"
		{
			{"71"}
			"f_cloth_end"
			{
				"1.000000", "-0.000000", "0.000000", "0.000000",
				"0.000000", "1.000000", "0.000000", "0.000000",
				"0.000000", "0.000000", "1.000000", "0.000000",
				"0.000000", "0.000000", "9.226225", "1.000000"
			}
		}
	},
	{"73"
		{
			{"58"}
			"b_cloth"
			{
				"-0.022017", "-0.436536", "-0.899417", "0.000000",
				"-0.072884", "0.897942", "-0.434036", "0.000000",
				"0.997097", "0.055997", "-0.051587", "0.000000",
				"0.000472", "22.678543", "-2.514369", "1.000000"
			}
		}
	},
	{"74"
		{
			{"73"}
			"b_cloth_end"
			{
				"1.000000", "-0.000000", "0.000000", "0.000000",
				"0.000000", "1.000000", "0.000000", "0.000000",
				"0.000000", "0.000000", "1.000000", "0.000000",
				"0.000000", "0.000000", "9.226226", "1.000000"
			}
		}
	},
	{"75"
		{
			{"-1"}
			"BUFFBONE_GLB_CHANNEL_LOC"
			{
				"0.000026", "-0.000084", "1.277700", "0.000000",
				"-1.277700", "-0.000025", "0.000026", "0.000000",
				"0.000025", "-1.277700", "-0.000084", "0.000000",
				"0.000473", "0.000270", "-0.000067", "1.000000"
			}
		}
	},
	{"76"
		{
			{"75"}
			"BUFFBONE_GLB_CHANNEL_LOC_end"
			{
				"1.000000", "-0.000000", "0.000000", "0.000000",
				"0.000000", "1.000000", "0.000000", "0.000000",
				"0.000000", "0.000000", "1.000000", "0.000000",
				"0.000000", "0.000000", "1.000000", "1.000000"
			}
		}
	},
	{"77"
		{
			{"-1"}
			"BUFFBONE_GLB_GROUND_LOC"
			{
				"-1.277700", "-0.000055", "-0.000055", "0.000000",
				"-0.000055", "1.277700", "0.000055", "0.000000",
				"0.000055", "0.000055", "-1.277700", "0.000000",
				"1.944205", "0.000270", "-1.408693", "1.000000"
			}
		}
	},
	{"78"
		{
			{"77"}
			"BUFFBONE_GLB_GROUND_LOC_end"
			{
				"1.000000", "-0.000000", "0.000000", "0.000000",
				"0.000000", "1.000000", "0.000000", "0.000000",
				"0.000000", "0.000000", "1.000000", "0.000000",
				"0.000000", "0.000000", "1.000000", "1.000000"
			}
		}
	},
	{"79"
		{
			{"-1"}
			"C_BUFFBONE_GLB_CENTER_LOC"
			{
				"-1.277700", "-0.000055", "-0.000055", "0.000000",
				"-0.000055", "1.277700", "0.000055", "0.000000",
				"0.000055", "0.000055", "-1.277700", "0.000000",
				"1.944205", "84.969315", "-1.408693", "1.000000"
			}
		}
	},
	{"80"
		{
			{"79"}
			"C_BUFFBONE_GLB_CENTER_LOC_end"
			{
				"1.000000", "-0.000000", "0.000000", "0.000000",
				"0.000000", "1.000000", "0.000000", "0.000000",
				"0.000000", "0.000000", "1.000000", "0.000000",
				"0.000000", "0.000000", "84.000000", "1.000000"
			}
		}
	},
	{"81"
		{
			{"-1"}
			"C_BUFFBONE_GLB_LAYOUT_LOC"
			{
				"-1.000000", "-0.000043", "-0.000043", "0.000000",
				"-0.000043", "1.000000", "0.000043", "0.000000",
				"0.000043", "0.000043", "-1.000000", "0.000000",
				"0.000473", "0.000270", "-0.000067", "1.000000"
			}
		}
	},
	{"82"
		{
			{"81"}
			"C_BUFFBONE_GLB_LAYOUT_LOC_end"
			{
				"1.000000", "-0.000000", "0.000000", "0.000000",
				"0.000000", "1.000000", "0.000000", "0.000000",
				"0.000000", "0.000000", "1.000000", "0.000000",
				"0.000000", "0.000000", "1.000000", "1.000000"
			}
		}
	},
	{"83"
		{
			{"-1"}
			"C_BUFFBONE_GLB_OVERHEAD_LOC"
			{
				"1.000000", "-0.000043", "-0.000043", "0.000000",
				"0.000043", "1.000000", "0.000043", "0.000000",
				"0.000043", "-0.000043", "1.000000", "0.000000",
				"0.000473", "192.435272", "-28.321720", "1.000000"
			}
		}
	},
	{"84"
		{
			{"83"}
			"C_BUFFBONE_GLB_OVERHEAD_LOC_end"
			{
				"1.000000", "-0.000000", "0.000000", "0.000000",
				"0.000000", "1.000000", "0.000000", "0.000000",
				"0.000000", "0.000000", "1.000000", "0.000000",
				"0.000000", "0.000000", "194.508224", "1.000000"
			}
		}
	},
]
