[
	{"194"}
	{"0"
		{
			{"-1"}
			"Root"
			{
				"-1.000000", "-0.000043", "-0.000043", "0.000000",
				"-0.000043", "-0.000043", "1.000000", "0.000000",
				"-0.000043", "1.000000", "0.000043", "0.000000",
				"0.000000", "0.000000", "0.000000", "1.000000"
			}
		}
	},
	{"1"
		{
			{"0"}
			"BodyRoot"
			{
				"-0.838253", "0.520460", "0.162642", "0.000000",
				"0.545174", "0.805847", "0.231074", "0.000000",
				"-0.010799", "0.282367", "-0.959246", "0.000000",
				"11.042645", "-16.433437", "128.568832", "1.000000"
			}
		}
	},
	{"2"
		{
			{"1"}
			"Spine1"
			{
				"0.976821", "0.213540", "0.014918", "0.000000",
				"0.211226", "-0.972847", "0.094611", "0.000000",
				"0.034716", "-0.089267", "-0.995402", "0.000000",
				"0.095028", "-0.048068", "-8.537182", "1.000000"
			}
		}
	},
	{"3"
		{
			{"2"}
			"Spine2"
			{
				"0.939858", "-0.260380", "0.221062", "0.000000",
				"0.264206", "0.964384", "0.012623", "0.000000",
				"-0.216476", "0.046542", "0.975178", "0.000000",
				"-0.631356", "-1.700463", "11.869946", "1.000000"
			}
		}
	},
	{"4"
		{
			{"3"}
			"Spine3"
			{
				"0.177430", "0.917409", "-0.356202", "0.000000",
				"0.120625", "0.338943", "0.933042", "0.000000",
				"0.976713", "-0.208517", "-0.050523", "0.000000",
				"-0.465410", "-0.318045", "13.158024", "1.000000"
			}
		}
	},
	{"5"
		{
			{"4"}
			"L_Wing1"
			{
				"-0.409534", "-0.791109", "-0.454344", "0.000000",
				"-0.562917", "-0.172784", "0.808251", "0.000000",
				"-0.717918", "0.586765", "-0.374567", "0.000000",
				"-15.373966", "3.846601", "-5.059501", "1.000000"
			}
		}
	},
	{"6"
		{
			{"5"}
			"L_Wing2"
			{
				"0.880846", "-0.072187", "-0.467866", "0.000000",
				"0.400258", "0.641306", "0.654615", "0.000000",
				"0.252791", "-0.763882", "0.593785", "0.000000",
				"11.306640", "1.412277", "23.189219", "1.000000"
			}
		}
	},
	{"7"
		{
			{"6"}
			"L_Wing4"
			{
				"0.951400", "-0.044918", "0.304664", "0.000000",
				"0.006461", "0.991999", "0.126080", "0.000000",
				"-0.307890", "-0.117984", "0.944078", "0.000000",
				"-29.062366", "2.529133", "57.123814", "1.000000"
			}
		}
	},
	{"8"
		{
			{"7"}
			"L_Wing_Tip"
			{
				"1.000000", "0.000043", "-0.000044", "0.000000",
				"-0.000043", "1.000000", "-0.000043", "0.000000",
				"0.000044", "0.000043", "1.000000", "0.000000",
				"-2.777141", "-0.765479", "0.871307", "1.000000"
			}
		}
	},
	{"9"
		{
			{"8"}
			"L_Wing_Tip_end"
			{
				"1.000000", "-0.000000", "0.000000", "0.000000",
				"0.000000", "1.000000", "0.000000", "0.000000",
				"0.000000", "0.000000", "1.000000", "0.000000",
				"0.000000", "0.000000", "3.009583", "1.000000"
			}
		}
	},
	{"10"
		{
			{"7"}
			"L_Wing_Outer1"
			{
				"-0.031866", "0.000002", "-0.999492", "0.000000",
				"-0.000002", "1.000000", "0.000003", "0.000000",
				"0.999492", "0.000002", "-0.031866", "0.000000",
				"5.469723", "0.116550", "8.147013", "1.000000"
			}
		}
	},
	{"11"
		{
			{"10"}
			"L_Wing_Outer3_skn"
			{
				"1.000000", "0.000000", "-0.000004", "0.000000",
				"-0.000000", "1.000000", "-0.000000", "0.000000",
				"0.000004", "0.000000", "1.000000", "0.000000",
				"0.000555", "-0.000035", "131.380463", "1.000000"
			}
		}
	},
	{"12"
		{
			{"11"}
			"L_Wing_Outer3_skn_end"
			{
				"1.000000", "-0.000000", "0.000000", "0.000000",
				"0.000000", "1.000000", "0.000000", "0.000000",
				"0.000000", "0.000000", "1.000000", "0.000000",
				"0.000000", "0.000000", "62.929840", "1.000000"
			}
		}
	},
	{"13"
		{
			{"10"}
			"L_Wing_Outer2_skn"
			{
				"1.000000", "0.000000", "-0.000000", "0.000000",
				"-0.000000", "1.000000", "-0.000000", "0.000000",
				"0.000000", "0.000000", "1.000000", "0.000000",
				"0.000325", "0.000005", "62.929947", "1.000000"
			}
		}
	},
	{"14"
		{
			{"13"}
			"L_Wing_Outer2_skn_end"
			{
				"1.000000", "-0.000000", "0.000000", "0.000000",
				"0.000000", "1.000000", "0.000000", "0.000000",
				"0.000000", "0.000000", "1.000000", "0.000000",
				"0.000000", "0.000000", "62.929840", "1.000000"
			}
		}
	},
	{"15"
		{
			{"10"}
			"L_Wing_Outer1_skn"
			{
				"1.000000", "0.000000", "0.000000", "0.000000",
				"-0.000000", "1.000000", "-0.000000", "0.000000",
				"-0.000000", "0.000000", "1.000000", "0.000000",
				"-0.000005", "-0.000011", "-0.000071", "1.000000"
			}
		}
	},
	{"16"
		{
			{"15"}
			"L_Wing_Outer1_skn_end"
			{
				"1.000000", "-0.000000", "0.000000", "0.000000",
				"0.000000", "1.000000", "0.000000", "0.000000",
				"0.000000", "0.000000", "1.000000", "0.000000",
				"0.000000", "0.000000", "62.929848", "1.000000"
			}
		}
	},
	{"17"
		{
			{"6"}
			"L_Wing3"
			{
				"0.390604", "0.000841", "-0.920559", "0.000000",
				"-0.049297", "0.998584", "-0.020005", "0.000000",
				"0.919238", "0.053195", "0.390092", "0.000000",
				"-2.940859", "7.121648", "33.173183", "1.000000"
			}
		}
	},
	{"18"
		{
			{"17"}
			"L_Wing_Inner3_skn"
			{
				"0.724432", "0.030783", "-0.688659", "0.000000",
				"0.013481", "0.998179", "0.058799", "0.000000",
				"0.689215", "-0.051880", "0.722698", "0.000000",
				"37.000118", "-2.524869", "52.691105", "1.000000"
			}
		}
	},
	{"19"
		{
			{"18"}
			"L_Wing_Inner3_skn_end"
			{
				"1.000000", "-0.000000", "0.000000", "0.000000",
				"0.000000", "1.000000", "0.000000", "0.000000",
				"0.000000", "0.000000", "1.000000", "0.000000",
				"0.000000", "0.000000", "10.849112", "1.000000"
			}
		}
	},
	{"20"
		{
			{"17"}
			"L_Wing_Inner2_skn"
			{
				"0.724432", "0.030783", "-0.688659", "0.000000",
				"0.013481", "0.998179", "0.058799", "0.000000",
				"0.689215", "-0.051880", "0.722698", "0.000000",
				"16.510052", "-0.982443", "31.205627", "1.000000"
			}
		}
	},
	{"21"
		{
			{"20"}
			"L_Wing_Inner2_skn_end"
			{
				"1.000000", "-0.000000", "0.000000", "0.000000",
				"0.000000", "1.000000", "0.000000", "0.000000",
				"0.000000", "0.000000", "1.000000", "0.000000",
				"0.000000", "0.000000", "10.849112", "1.000000"
			}
		}
	},
	{"22"
		{
			{"17"}
			"L_Wing_Inner1_skn"
			{
				"0.724432", "0.030783", "-0.688658", "0.000000",
				"0.013481", "0.998179", "0.058799", "0.000000",
				"0.689214", "-0.051880", "0.722698", "0.000000",
				"-3.979975", "0.560009", "9.719976", "1.000000"
			}
		}
	},
	{"23"
		{
			{"22"}
			"L_Wing_Inner1_skn_end"
			{
				"1.000000", "-0.000000", "0.000000", "0.000000",
				"0.000000", "1.000000", "0.000000", "0.000000",
				"0.000000", "0.000000", "1.000000", "0.000000",
				"0.000000", "0.000000", "10.849112", "1.000000"
			}
		}
	},
	{"24"
		{
			{"4"}
			"R_Wing1"
			{
				"-0.383988", "-0.811375", "0.440708", "0.000000",
				"0.562908", "0.172632", "0.808290", "0.000000",
				"-0.731907", "0.558451", "0.390441", "0.000000",
				"-15.373982", "3.846166", "5.059478", "1.000000"
			}
		}
	},
	{"25"
		{
			{"24"}
			"R_Wing2"
			{
				"0.880855", "0.072182", "-0.467851", "0.000000",
				"-0.400243", "0.641308", "-0.654621", "0.000000",
				"0.252784", "0.763880", "0.593790", "0.000000",
				"11.305721", "-1.412166", "23.189838", "1.000000"
			}
		}
	},
	{"26"
		{
			{"25"}
			"R_Wing4"
			{
				"0.951404", "0.044926", "0.304652", "0.000000",
				"-0.006472", "0.991999", "-0.126077", "0.000000",
				"-0.307879", "0.117979", "0.944082", "0.000000",
				"-29.061531", "-2.529325", "57.124054", "1.000000"
			}
		}
	},
	{"27"
		{
			{"26"}
			"R_Wing_Tip"
			{
				"1.000000", "-0.000043", "-0.000042", "0.000000",
				"0.000043", "1.000000", "0.000043", "0.000000",
				"0.000042", "-0.000043", "1.000000", "0.000000",
				"-2.777180", "0.765545", "0.871282", "1.000000"
			}
		}
	},
	{"28"
		{
			{"27"}
			"R_Wing_Tip_end"
			{
				"1.000000", "-0.000000", "0.000000", "0.000000",
				"0.000000", "1.000000", "0.000000", "0.000000",
				"0.000000", "0.000000", "1.000000", "0.000000",
				"0.000000", "0.000000", "3.009650", "1.000000"
			}
		}
	},
	{"29"
		{
			{"26"}
			"R_Wing_Outer1"
			{
				"-0.031870", "-0.000000", "-0.999492", "0.000000",
				"0.000007", "1.000000", "-0.000001", "0.000000",
				"0.999492", "-0.000007", "-0.031870", "0.000000",
				"5.470054", "-0.116576", "8.146839", "1.000000"
			}
		}
	},
	{"30"
		{
			{"29"}
			"R_Wing_Outer3_skn"
			{
				"1.000000", "-0.000000", "0.000006", "0.000000",
				"0.000000", "1.000000", "-0.000003", "0.000000",
				"-0.000006", "0.000003", "1.000000", "0.000000",
				"-0.000528", "0.000277", "131.236526", "1.000000"
			}
		}
	},
	{"31"
		{
			{"30"}
			"R_Wing_Outer3_skn_end"
			{
				"1.000000", "-0.000000", "0.000000", "0.000000",
				"0.000000", "1.000000", "0.000000", "0.000000",
				"0.000000", "0.000000", "1.000000", "0.000000",
				"0.000000", "0.000000", "62.938332", "1.000000"
			}
		}
	},
	{"32"
		{
			{"29"}
			"R_Wing_Outer2_skn"
			{
				"1.000000", "-0.000000", "-0.000000", "0.000000",
				"0.000000", "1.000000", "-0.000004", "0.000000",
				"0.000000", "0.000004", "1.000000", "0.000000",
				"-0.000844", "0.000126", "62.938568", "1.000000"
			}
		}
	},
	{"33"
		{
			{"32"}
			"R_Wing_Outer2_skn_end"
			{
				"1.000000", "-0.000000", "0.000000", "0.000000",
				"0.000000", "1.000000", "0.000000", "0.000000",
				"0.000000", "0.000000", "1.000000", "0.000000",
				"0.000000", "0.000000", "62.938339", "1.000000"
			}
		}
	},
	{"34"
		{
			{"29"}
			"R_Wing_Outer1_skn"
			{
				"1.000000", "-0.000000", "-0.000000", "0.000000",
				"0.000000", "1.000000", "-0.000004", "0.000000",
				"0.000000", "0.000004", "1.000000", "0.000000",
				"0.000027", "0.000018", "-0.000108", "1.000000"
			}
		}
	},
	{"35"
		{
			{"34"}
			"R_Wing_Outer1_skn_end"
			{
				"1.000000", "-0.000000", "0.000000", "0.000000",
				"0.000000", "1.000000", "0.000000", "0.000000",
				"0.000000", "0.000000", "1.000000", "0.000000",
				"0.000000", "0.000000", "62.938343", "1.000000"
			}
		}
	},
	{"36"
		{
			{"25"}
			"R_Wing3"
			{
				"0.390593", "-0.000837", "-0.920563", "0.000000",
				"0.049288", "0.998584", "0.020005", "0.000000",
				"0.919243", "-0.053187", "0.390081", "0.000000",
				"-2.940315", "-7.121651", "33.173664", "1.000000"
			}
		}
	},
	{"37"
		{
			{"36"}
			"R_Wing_Inner3_skn"
			{
				"0.724436", "-0.030783", "-0.688655", "0.000000",
				"-0.013480", "0.998179", "-0.058799", "0.000000",
				"0.689211", "0.051879", "0.722701", "0.000000",
				"36.997368", "3.084668", "52.692196", "1.000000"
			}
		}
	},
	{"38"
		{
			{"37"}
			"R_Wing_Inner3_skn_end"
			{
				"1.000000", "-0.000000", "0.000000", "0.000000",
				"0.000000", "1.000000", "0.000000", "0.000000",
				"0.000000", "0.000000", "1.000000", "0.000000",
				"0.000000", "0.000000", "10.621242", "1.000000"
			}
		}
	},
	{"39"
		{
			{"36"}
			"R_Wing_Inner2_skn"
			{
				"0.724436", "-0.030783", "-0.688655", "0.000000",
				"-0.013480", "0.998179", "-0.058799", "0.000000",
				"0.689211", "0.051879", "0.722701", "0.000000",
				"16.507673", "1.542379", "31.206789", "1.000000"
			}
		}
	},
	{"40"
		{
			{"39"}
			"R_Wing_Inner2_skn_end"
			{
				"1.000000", "-0.000000", "0.000000", "0.000000",
				"0.000000", "1.000000", "0.000000", "0.000000",
				"0.000000", "0.000000", "1.000000", "0.000000",
				"0.000000", "0.000000", "10.621242", "1.000000"
			}
		}
	},
	{"41"
		{
			{"36"}
			"R_Wing_Inner1_skn"
			{
				"0.724436", "-0.030783", "-0.688655", "0.000000",
				"-0.013480", "0.998179", "-0.058799", "0.000000",
				"0.689211", "0.051879", "0.722701", "0.000000",
				"-3.982860", "-0.000015", "9.720924", "1.000000"
			}
		}
	},
	{"42"
		{
			{"41"}
			"R_Wing_Inner1_skn_end"
			{
				"1.000000", "-0.000000", "0.000000", "0.000000",
				"0.000000", "1.000000", "0.000000", "0.000000",
				"0.000000", "0.000000", "1.000000", "0.000000",
				"0.000000", "0.000000", "10.621242", "1.000000"
			}
		}
	},
	{"43"
		{
			{"4"}
			"Neck"
			{
				"0.095714", "-0.083130", "0.991931", "0.000000",
				"0.980175", "-0.165803", "-0.108475", "0.000000",
				"0.173482", "0.982649", "0.065612", "0.000000",
				"-5.076349", "24.483248", "-0.000016", "1.000000"
			}
		}
	},
	{"44"
		{
			{"43"}
			"Head"
			{
				"0.557578", "0.795102", "0.238579", "0.000000",
				"-0.808034", "0.453981", "0.375477", "0.000000",
				"0.190232", "-0.402138", "0.895599", "0.000000",
				"0.116829", "0.549560", "7.614726", "1.000000"
			}
		}
	},
	{"45"
		{
			{"44"}
			"C_Buffbone_Glb_Head_Loc"
			{
				"1.000000", "0.000043", "-0.000043", "0.000000",
				"-0.000043", "1.000000", "0.000043", "0.000000",
				"0.000043", "-0.000043", "1.000000", "0.000000",
				"-0.000002", "0.000003", "0.000010", "1.000000"
			}
		}
	},
	{"46"
		{
			{"45"}
			"C_Buffbone_Glb_Head_Loc_end"
			{
				"1.000000", "-0.000000", "0.000000", "0.000000",
				"0.000000", "1.000000", "0.000000", "0.000000",
				"0.000000", "0.000000", "1.000000", "0.000000",
				"0.000000", "0.000000", "7.403397", "1.000000"
			}
		}
	},
	{"47"
		{
			{"4"}
			"L_Clavicle"
			{
				"-0.511994", "-0.298425", "-0.805484", "0.000000",
				"0.271450", "0.833449", "-0.481329", "0.000000",
				"0.814970", "-0.465086", "-0.345714", "0.000000",
				"-13.097990", "10.780122", "-8.706987", "1.000000"
			}
		}
	},
	{"48"
		{
			{"47"}
			"L_Shoulder"
			{
				"0.608792", "0.792903", "-0.026006", "0.000000",
				"-0.549441", "0.397763", "-0.734778", "0.000000",
				"-0.572264", "0.461616", "0.677809", "0.000000",
				"10.331966", "2.743004", "20.905703", "1.000000"
			}
		}
	},
	{"49"
		{
			{"48"}
			"L_Elbow"
			{
				"0.283762", "-0.000010", "0.958895", "0.000000",
				"0.000061", "1.000000", "-0.000008", "0.000000",
				"-0.958895", "0.000061", "0.283762", "0.000000",
				"-0.000011", "-0.000004", "34.000057", "1.000000"
			}
		}
	},
	{"50"
		{
			{"49"}
			"L_Hand"
			{
				"-0.832520", "-0.551626", "0.051187", "0.000000",
				"0.397964", "-0.659762", "-0.637447", "0.000000",
				"0.385404", "-0.510317", "0.768792", "0.000000",
				"-0.000022", "0.000020", "32.000057", "1.000000"
			}
		}
	},
	{"51"
		{
			{"50"}
			"L_Thumb1"
			{
				"-0.046450", "-0.998254", "-0.036483", "0.000000",
				"0.603115", "0.001088", "-0.797653", "0.000000",
				"0.796300", "-0.059054", "0.602012", "0.000000",
				"10.229215", "-5.458656", "15.720850", "1.000000"
			}
		}
	},
	{"52"
		{
			{"51"}
			"L_Thumb2"
			{
				"1.000000", "-0.000030", "-0.000053", "0.000000",
				"0.000054", "0.845895", "0.533349", "0.000000",
				"0.000028", "-0.533349", "0.845895", "0.000000",
				"-0.000112", "-0.000415", "10.691253", "1.000000"
			}
		}
	},
	{"53"
		{
			{"52"}
			"L_Thumb2_end"
			{
				"1.000000", "-0.000000", "0.000000", "0.000000",
				"0.000000", "1.000000", "0.000000", "0.000000",
				"0.000000", "0.000000", "1.000000", "0.000000",
				"0.000000", "0.000000", "10.691204", "1.000000"
			}
		}
	},
	{"54"
		{
			{"50"}
			"L_Index1"
			{
				"-0.233685", "0.971659", "0.035634", "0.000000",
				"-0.761496", "-0.205683", "0.614670", "0.000000",
				"0.604579", "0.116504", "0.787979", "0.000000",
				"3.647512", "-7.514374", "20.105862", "1.000000"
			}
		}
	},
	{"55"
		{
			{"54"}
			"L_Index2"
			{
				"0.981774", "0.151595", "-0.114624", "0.000000",
				"-0.114333", "0.952886", "0.280955", "0.000000",
				"0.151815", "-0.262729", "0.952851", "0.000000",
				"-0.018302", "2.056050", "10.217988", "1.000000"
			}
		}
	},
	{"56"
		{
			{"55"}
			"L_Index2_end"
			{
				"1.000000", "-0.000000", "0.000000", "0.000000",
				"0.000000", "1.000000", "0.000000", "0.000000",
				"0.000000", "0.000000", "1.000000", "0.000000",
				"0.000000", "0.000000", "9.753300", "1.000000"
			}
		}
	},
	{"57"
		{
			{"50"}
			"L_Middle1"
			{
				"-0.130657", "0.991118", "0.024783", "0.000000",
				"-0.717547", "-0.111783", "0.687482", "0.000000",
				"0.684146", "0.072041", "0.725779", "0.000000",
				"0.863893", "-2.574032", "20.281147", "1.000000"
			}
		}
	},
	{"58"
		{
			{"57"}
			"L_Middle2"
			{
				"0.991968", "-0.012570", "-0.125859", "0.000000",
				"0.064243", "0.907218", "0.415725", "0.000000",
				"0.108956", "-0.420472", "0.900740", "0.000000",
				"-0.000172", "0.000074", "9.992006", "1.000000"
			}
		}
	},
	{"59"
		{
			{"58"}
			"L_Middle2_end"
			{
				"1.000000", "-0.000000", "0.000000", "0.000000",
				"0.000000", "1.000000", "0.000000", "0.000000",
				"0.000000", "0.000000", "1.000000", "0.000000",
				"0.000000", "0.000000", "9.991987", "1.000000"
			}
		}
	},
	{"60"
		{
			{"50"}
			"L_Ring1"
			{
				"-0.086334", "0.995962", "0.024618", "0.000000",
				"-0.695370", "-0.077936", "0.714413", "0.000000",
				"0.713447", "0.044560", "0.699291", "0.000000",
				"1.444386", "2.706518", "20.073315", "1.000000"
			}
		}
	},
	{"61"
		{
			{"60"}
			"L_Ring2"
			{
				"0.979938", "-0.193646", "0.047151", "0.000000",
				"0.074893", "0.577024", "0.813286", "0.000000",
				"-0.184696", "-0.793439", "0.579950", "0.000000",
				"-0.000062", "0.000127", "9.493954", "1.000000"
			}
		}
	},
	{"62"
		{
			{"61"}
			"L_Ring2_end"
			{
				"1.000000", "-0.000000", "0.000000", "0.000000",
				"0.000000", "1.000000", "0.000000", "0.000000",
				"0.000000", "0.000000", "1.000000", "0.000000",
				"0.000000", "0.000000", "9.493877", "1.000000"
			}
		}
	},
	{"63"
		{
			{"50"}
			"L_Pinky1"
			{
				"0.139708", "0.978070", "-0.154468", "0.000000",
				"-0.702874", "0.207835", "0.680274", "0.000000",
				"0.697459", "0.013532", "0.716496", "0.000000",
				"2.214122", "7.145268", "18.090439", "1.000000"
			}
		}
	},
	{"64"
		{
			{"63"}
			"L_Pinky2"
			{
				"0.981443", "-0.187367", "0.040791", "0.000000",
				"0.085603", "0.618455", "0.781144", "0.000000",
				"-0.171588", "-0.763156", "0.623017", "0.000000",
				"-0.000012", "0.000041", "8.501171", "1.000000"
			}
		}
	},
	{"65"
		{
			{"64"}
			"L_Pinky2_end"
			{
				"1.000000", "-0.000000", "0.000000", "0.000000",
				"0.000000", "1.000000", "0.000000", "0.000000",
				"0.000000", "0.000000", "1.000000", "0.000000",
				"0.000000", "0.000000", "8.501097", "1.000000"
			}
		}
	},
	{"66"
		{
			{"50"}
			"Weapon"
			{
				"0.570089", "0.767974", "0.291916", "0.000000",
				"-0.674103", "0.234118", "0.700553", "0.000000",
				"0.469663", "-0.596159", "0.651162", "0.000000",
				"-9.953920", "21.679562", "-3.679226", "1.000000"
			}
		}
	},
	{"67"
		{
			{"66"}
			"Weapon_Blade1"
			{
				"0.989790", "-0.142536", "-0.000040", "0.000000",
				"0.142536", "0.989790", "-0.000045", "0.000000",
				"0.000046", "0.000039", "1.000000", "0.000000",
				"0.000004", "-0.000010", "30.611078", "1.000000"
			}
		}
	},
	{"68"
		{
			{"67"}
			"Weapon_Blade2"
			{
				"1.000000", "-0.000043", "-0.000043", "0.000000",
				"0.000043", "1.000000", "-0.000043", "0.000000",
				"0.000043", "0.000043", "1.000000", "0.000000",
				"0.000005", "-0.000007", "37.933064", "1.000000"
			}
		}
	},
	{"69"
		{
			{"68"}
			"Weapon_Blade3"
			{
				"0.998330", "-0.000044", "-0.057767", "0.000000",
				"0.000042", "1.000000", "-0.000044", "0.000000",
				"0.057767", "0.000042", "0.998330", "0.000000",
				"0.000009", "-0.000010", "30.000050", "1.000000"
			}
		}
	},
	{"70"
		{
			{"69"}
			"Weapon_Blade4"
			{
				"1.000000", "-0.000043", "-0.000043", "0.000000",
				"0.000043", "1.000000", "-0.000043", "0.000000",
				"0.000043", "0.000043", "1.000000", "0.000000",
				"0.000007", "-0.000002", "30.000046", "1.000000"
			}
		}
	},
	{"71"
		{
			{"70"}
			"Weapon_Blade5"
			{
				"1.000000", "-0.000043", "-0.000043", "0.000000",
				"0.000043", "1.000000", "-0.000043", "0.000000",
				"0.000043", "0.000043", "1.000000", "0.000000",
				"0.000000", "-0.000006", "30.000040", "1.000000"
			}
		}
	},
	{"72"
		{
			{"71"}
			"Weapon_Tip"
			{
				"1.000000", "-0.000043", "-0.000043", "0.000000",
				"0.000043", "1.000000", "-0.000043", "0.000000",
				"0.000043", "0.000043", "1.000000", "0.000000",
				"-0.000002", "-0.000004", "26.699203", "1.000000"
			}
		}
	},
	{"73"
		{
			{"72"}
			"Weapon_Tip_end"
			{
				"1.000000", "-0.000000", "0.000000", "0.000000",
				"0.000000", "1.000000", "0.000000", "0.000000",
				"0.000000", "0.000000", "1.000000", "0.000000",
				"0.000000", "0.000000", "12.965494", "1.000000"
			}
		}
	},
	{"74"
		{
			{"71"}
			"Buffbone_Glb_Weapon_1"
			{
				"-0.000001", "-0.000000", "1.000000", "0.000000",
				"0.000061", "1.000000", "0.000000", "0.000000",
				"-1.000000", "0.000061", "-0.000001", "0.000000",
				"-0.000006", "0.000006", "12.966105", "1.000000"
			}
		}
	},
	{"75"
		{
			{"74"}
			"Buffbone_Glb_Weapon_1_end"
			{
				"1.000000", "-0.000000", "0.000000", "0.000000",
				"0.000000", "1.000000", "0.000000", "0.000000",
				"0.000000", "0.000000", "1.000000", "0.000000",
				"0.000000", "0.000000", "12.965496", "1.000000"
			}
		}
	},
	{"76"
		{
			{"71"}
			"Weapon_Blade6"
			{
				"1.000000", "-0.000043", "-0.000043", "0.000000",
				"0.000043", "1.000000", "-0.000043", "0.000000",
				"0.000043", "0.000043", "1.000000", "0.000000",
				"-0.000004", "0.000000", "30.000051", "1.000000"
			}
		}
	},
	{"77"
		{
			{"76"}
			"Weapon_Blade6_end"
			{
				"1.000000", "-0.000000", "0.000000", "0.000000",
				"0.000000", "1.000000", "0.000000", "0.000000",
				"0.000000", "0.000000", "1.000000", "0.000000",
				"0.000000", "0.000000", "12.965494", "1.000000"
			}
		}
	},
	{"78"
		{
			{"69"}
			"Weapon_Heart"
			{
				"1.000000", "-0.000043", "-0.000043", "0.000000",
				"0.000043", "1.000000", "-0.000043", "0.000000",
				"0.000043", "0.000043", "1.000000", "0.000000",
				"0.000001", "0.000003", "10.536995", "1.000000"
			}
		}
	},
	{"79"
		{
			{"78"}
			"Weapon_Heart_end"
			{
				"1.000000", "-0.000000", "0.000000", "0.000000",
				"0.000000", "1.000000", "0.000000", "0.000000",
				"0.000000", "0.000000", "1.000000", "0.000000",
				"0.000000", "0.000000", "10.536958", "1.000000"
			}
		}
	},
	{"80"
		{
			{"50"}
			"L_Buffbone_Glb_Hand_Loc"
			{
				"0.999781", "0.020703", "0.003171", "0.000000",
				"-0.020637", "0.999594", "-0.019632", "0.000000",
				"-0.003576", "0.019562", "0.999802", "0.000000",
				"-0.000001", "-0.000000", "-0.000015", "1.000000"
			}
		}
	},
	{"81"
		{
			{"80"}
			"L_Buffbone_Glb_Hand_Loc_end"
			{
				"1.000000", "-0.000000", "0.000000", "0.000000",
				"0.000000", "1.000000", "0.000000", "0.000000",
				"0.000000", "0.000000", "1.000000", "0.000000",
				"0.000000", "0.000000", "0.014836", "1.000000"
			}
		}
	},
	{"82"
		{
			{"4"}
			"R_Clavicle"
			{
				"-0.964776", "-0.250448", "-0.080524", "0.000000",
				"0.262616", "-0.898813", "-0.350952", "0.000000",
				"0.015519", "-0.359736", "0.932925", "0.000000",
				"7.022039", "13.435463", "6.210771", "1.000000"
			}
		}
	},
	{"83"
		{
			{"82"}
			"R_Shoulder"
			{
				"0.859663", "-0.404098", "0.312545", "0.000000",
				"0.494476", "0.504487", "-0.707804", "0.000000",
				"0.128347", "0.763019", "0.633506", "0.000000",
				"10.331971", "-2.743006", "19.909103", "1.000000"
			}
		}
	},
	{"84"
		{
			{"83"}
			"R_Elbow"
			{
				"0.275887", "0.000007", "0.961190", "0.000000",
				"-0.000062", "1.000000", "0.000011", "0.000000",
				"-0.961190", "-0.000063", "0.275887", "0.000000",
				"-0.000006", "0.000049", "40.000088", "1.000000"
			}
		}
	},
	{"85"
		{
			{"84"}
			"R_Hand"
			{
				"-0.762643", "0.639542", "0.096755", "0.000000",
				"-0.148989", "-0.028128", "-0.988439", "0.000000",
				"-0.629427", "-0.768241", "0.116736", "0.000000",
				"0.000041", "0.000169", "40.500076", "1.000000"
			}
		}
	},
	{"86"
		{
			{"85"}
			"R_Thumb1"
			{
				"-0.469723", "-0.801396", "-0.370304", "0.000000",
				"0.881635", "-0.404162", "-0.243666", "0.000000",
				"0.045610", "-0.440928", "0.896383", "0.000000",
				"-9.173727", "-8.907784", "8.509651", "1.000000"
			}
		}
	},
	{"87"
		{
			{"86"}
			"R_Thumb2"
			{
				"1.000000", "0.000018", "-0.000059", "0.000000",
				"-0.000058", "0.556599", "-0.830781", "0.000000",
				"0.000018", "0.830781", "0.556599", "0.000000",
				"0.000003", "0.000031", "12.897972", "1.000000"
			}
		}
	},
	{"88"
		{
			{"87"}
			"R_Thumb2_end"
			{
				"1.000000", "-0.000000", "0.000000", "0.000000",
				"0.000000", "1.000000", "0.000000", "0.000000",
				"0.000000", "0.000000", "1.000000", "0.000000",
				"0.000000", "0.000000", "12.897914", "1.000000"
			}
		}
	},
	{"89"
		{
			{"85"}
			"R_Index1"
			{
				"0.971252", "-0.181842", "-0.153630", "0.000000",
				"0.209369", "0.959638", "0.187777", "0.000000",
				"0.113284", "-0.214545", "0.970122", "0.000000",
				"-7.913391", "-20.742279", "3.734866", "1.000000"
			}
		}
	},
	{"90"
		{
			{"89"}
			"R_Index2"
			{
				"1.000000", "0.000018", "-0.000059", "0.000000",
				"-0.000059", "0.556599", "-0.830781", "0.000000",
				"0.000018", "0.830781", "0.556599", "0.000000",
				"0.000045", "-0.000004", "11.960233", "1.000000"
			}
		}
	},
	{"91"
		{
			{"90"}
			"R_Index2_end"
			{
				"1.000000", "-0.000000", "0.000000", "0.000000",
				"0.000000", "1.000000", "0.000000", "0.000000",
				"0.000000", "0.000000", "1.000000", "0.000000",
				"0.000000", "0.000000", "11.960204", "1.000000"
			}
		}
	},
	{"92"
		{
			{"85"}
			"R_Middle1"
			{
				"0.996278", "0.010524", "-0.085552", "0.000000",
				"0.009067", "0.974216", "0.225437", "0.000000",
				"0.085718", "-0.225374", "0.970494", "0.000000",
				"-2.486727", "-22.348694", "1.631035", "1.000000"
			}
		}
	},
	{"93"
		{
			{"92"}
			"R_Middle2"
			{
				"1.000000", "0.000018", "-0.000058", "0.000000",
				"-0.000058", "0.552036", "-0.833821", "0.000000",
				"0.000018", "0.833821", "0.552036", "0.000000",
				"-0.000037", "-0.000043", "12.199742", "1.000000"
			}
		}
	},
	{"94"
		{
			{"93"}
			"R_Middle2_end"
			{
				"1.000000", "-0.000000", "0.000000", "0.000000",
				"0.000000", "1.000000", "0.000000", "0.000000",
				"0.000000", "0.000000", "1.000000", "0.000000",
				"0.000000", "0.000000", "12.199718", "1.000000"
			}
		}
	},
	{"95"
		{
			{"85"}
			"R_Ring1"
			{
				"0.960701", "0.248574", "0.123546", "0.000000",
				"-0.269772", "0.940936", "0.204602", "0.000000",
				"-0.065390", "-0.229891", "0.971017", "0.000000",
				"2.876394", "-21.708752", "1.674212", "1.000000"
			}
		}
	},
	{"96"
		{
			{"95"}
			"R_Ring2"
			{
				"1.000000", "0.000018", "-0.000058", "0.000000",
				"-0.000058", "0.552035", "-0.833821", "0.000000",
				"0.000018", "0.833821", "0.552035", "0.000000",
				"0.000006", "0.000016", "11.701709", "1.000000"
			}
		}
	},
	{"97"
		{
			{"96"}
			"R_Ring2_end"
			{
				"1.000000", "-0.000000", "0.000000", "0.000000",
				"0.000000", "1.000000", "0.000000", "0.000000",
				"0.000000", "0.000000", "1.000000", "0.000000",
				"0.000000", "0.000000", "11.701681", "1.000000"
			}
		}
	},
	{"98"
		{
			{"85"}
			"R_Pinky1"
			{
				"0.921465", "0.360231", "0.145383", "0.000000",
				"-0.347471", "0.931663", "-0.106147", "0.000000",
				"-0.173686", "0.047294", "0.983665", "0.000000",
				"7.922744", "-20.081312", "4.278140", "1.000000"
			}
		}
	},
	{"99"
		{
			{"98"}
			"R_Pinky2"
			{
				"1.000000", "0.000017", "-0.000058", "0.000000",
				"-0.000058", "0.552035", "-0.833821", "0.000000",
				"0.000018", "0.833821", "0.552035", "0.000000",
				"0.000007", "-0.000010", "10.708799", "1.000000"
			}
		}
	},
	{"100"
		{
			{"99"}
			"R_Pinky2_end"
			{
				"1.000000", "-0.000000", "0.000000", "0.000000",
				"0.000000", "1.000000", "0.000000", "0.000000",
				"0.000000", "0.000000", "1.000000", "0.000000",
				"0.000000", "0.000000", "10.708766", "1.000000"
			}
		}
	},
	{"101"
		{
			{"85"}
			"R_Buffbone_Glb_Hand_Loc"
			{
				"0.999596", "0.019586", "-0.020614", "0.000000",
				"-0.019508", "0.999802", "0.003967", "0.000000",
				"0.020687", "-0.003563", "0.999780", "0.000000",
				"0.000000", "-0.000004", "0.000000", "1.000000"
			}
		}
	},
	{"102"
		{
			{"101"}
			"R_Buffbone_Glb_Hand_Loc_end"
			{
				"1.000000", "-0.000000", "0.000000", "0.000000",
				"0.000000", "1.000000", "0.000000", "0.000000",
				"0.000000", "0.000000", "1.000000", "0.000000",
				"0.000000", "0.000000", "0.015201", "1.000000"
			}
		}
	},
	{"103"
		{
			{"85"}
			"Weapon_Right"
			{
				"-0.266601", "0.526215", "0.807478", "0.000000",
				"-0.963358", "-0.171069", "-0.206586", "0.000000",
				"0.029426", "-0.832967", "0.552541", "0.000000",
				"62.678680", "-4.785335", "25.409418", "1.000000"
			}
		}
	},
	{"104"
		{
			{"103"}
			"Weapon_Right_end"
			{
				"1.000000", "-0.000000", "0.000000", "0.000000",
				"0.000000", "1.000000", "0.000000", "0.000000",
				"0.000000", "0.000000", "1.000000", "0.000000",
				"0.000000", "0.000000", "0.015200", "1.000000"
			}
		}
	},
	{"105"
		{
			{"4"}
			"C_Buffbone_Glb_Chest_Loc"
			{
				"1.000000", "0.000043", "-0.000043", "0.000000",
				"-0.000043", "1.000000", "0.000043", "0.000000",
				"0.000043", "-0.000043", "1.000000", "0.000000",
				"0.000002", "-0.000025", "-0.000018", "1.000000"
			}
		}
	},
	{"106"
		{
			{"105"}
			"C_Buffbone_Glb_Chest_Loc_end"
			{
				"1.000000", "-0.000000", "0.000000", "0.000000",
				"0.000000", "1.000000", "0.000000", "0.000000",
				"0.000000", "0.000000", "1.000000", "0.000000",
				"0.000000", "0.000000", "13.202785", "1.000000"
			}
		}
	},
	{"107"
		{
			{"4"}
			"R_Wing_Orient"
			{
				"1.000000", "0.000043", "-0.000043", "0.000000",
				"-0.000043", "1.000000", "0.000043", "0.000000",
				"0.000043", "-0.000043", "1.000000", "0.000000",
				"-27.474285", "-62.870193", "114.313744", "1.000000"
			}
		}
	},
	{"108"
		{
			{"107"}
			"R_Wing_Orient_end"
			{
				"1.000000", "-0.000000", "0.000000", "0.000000",
				"0.000000", "1.000000", "0.000000", "0.000000",
				"0.000000", "0.000000", "1.000000", "0.000000",
				"0.000000", "0.000000", "13.202789", "1.000000"
			}
		}
	},
	{"109"
		{
			{"1"}
			"Pelvis"
			{
				"0.975714", "-0.136012", "-0.171708", "0.000000",
				"-0.167219", "0.043859", "-0.984944", "0.000000",
				"0.141495", "0.989736", "0.020050", "0.000000",
				"0.469868", "-0.160708", "6.837360", "1.000000"
			}
		}
	},
	{"110"
		{
			{"109"}
			"R_Hip"
			{
				"0.950893", "0.116400", "-0.286797", "0.000000",
				"0.306466", "-0.483883", "0.819717", "0.000000",
				"-0.043361", "-0.867357", "-0.495793", "0.000000",
				"7.420493", "-5.185989", "5.482404", "1.000000"
			}
		}
	},
	{"111"
		{
			{"110"}
			"R_KneeUpper"
			{
				"0.000045", "-0.000030", "1.000000", "0.000000",
				"1.000000", "0.000040", "-0.000045", "0.000000",
				"-0.000040", "1.000000", "0.000030", "0.000000",
				"-0.000006", "-0.000002", "58.020618", "1.000000"
			}
		}
	},
	{"112"
		{
			{"111"}
			"R_KneeLower"
			{
				"0.000638", "0.999942", "-0.010720", "0.000000",
				"-0.991608", "-0.000754", "-0.129276", "0.000000",
				"-0.129276", "0.010713", "0.991551", "0.000000",
				"-0.000002", "-0.000001", "0.000000", "1.000000"
			}
		}
	},
	{"113"
		{
			{"112"}
			"R_Foot"
			{
				"0.926084", "-0.371181", "0.067781", "0.000000",
				"0.377290", "0.908746", "-0.178416", "0.000000",
				"0.004629", "0.190802", "0.981618", "0.000000",
				"0.000015", "-0.000009", "71.540100", "1.000000"
			}
		}
	},
	{"114"
		{
			{"113"}
			"R_Toe"
			{
				"0.999998", "0.001856", "0.000056", "0.000000",
				"-0.000549", "0.266508", "0.963832", "0.000000",
				"0.001774", "-0.963831", "0.266509", "0.000000",
				"0.179567", "-12.658339", "8.478920", "1.000000"
			}
		}
	},
	{"115"
		{
			{"114"}
			"R_Toe_end"
			{
				"1.000000", "0.000000", "-0.000061", "0.000000",
				"-0.000061", "0.000001", "-1.000000", "0.000000",
				"-0.000000", "1.000000", "0.000001", "0.000000",
				"0.000003", "0.000040", "17.611217", "1.000000"
			}
		}
	},
	{"116"
		{
			{"115"}
			"R_Toe_end_end"
			{
				"1.000000", "-0.000000", "0.000000", "0.000000",
				"0.000000", "1.000000", "0.000000", "0.000000",
				"0.000000", "0.000000", "1.000000", "0.000000",
				"0.000000", "0.000000", "17.618971", "1.000000"
			}
		}
	},
	{"117"
		{
			{"113"}
			"R_ToeRoll_end"
			{
				"0.124678", "-0.992196", "-0.001765", "0.000000",
				"0.084029", "0.008786", "0.996425", "0.000000",
				"-0.988633", "-0.124381", "0.084468", "0.000000",
				"2.831388", "-27.580820", "10.568624", "1.000000"
			}
		}
	},
	{"118"
		{
			{"117"}
			"R_ToeRoll_end_end"
			{
				"1.000000", "-0.000000", "0.000000", "0.000000",
				"0.000000", "1.000000", "0.000000", "0.000000",
				"0.000000", "0.000000", "1.000000", "0.000000",
				"0.000000", "0.000000", "13.805528", "1.000000"
			}
		}
	},
	{"119"
		{
			{"113"}
			"R_Buffbone_Glb_Foot_Loc"
			{
				"1.000000", "0.000043", "-0.000043", "0.000000",
				"-0.000043", "1.000000", "0.000043", "0.000000",
				"0.000043", "-0.000043", "1.000000", "0.000000",
				"-0.000001", "-0.000001", "-0.000005", "1.000000"
			}
		}
	},
	{"120"
		{
			{"119"}
			"R_Buffbone_Glb_Foot_Loc_end"
			{
				"1.000000", "-0.000000", "0.000000", "0.000000",
				"0.000000", "1.000000", "0.000000", "0.000000",
				"0.000000", "0.000000", "1.000000", "0.000000",
				"0.000000", "0.000000", "13.805527", "1.000000"
			}
		}
	},
	{"121"
		{
			{"113"}
			"R_Foot_end"
			{
				"0.988620", "0.124444", "-0.084527", "0.000000",
				"-0.124740", "0.992188", "0.001796", "0.000000",
				"0.084091", "0.008768", "0.996420", "0.000000",
				"0.000005", "-0.000006", "13.799534", "1.000000"
			}
		}
	},
	{"122"
		{
			{"121"}
			"R_Foot_end_end"
			{
				"1.000000", "-0.000000", "0.000000", "0.000000",
				"0.000000", "1.000000", "0.000000", "0.000000",
				"0.000000", "0.000000", "1.000000", "0.000000",
				"0.000000", "0.000000", "13.805528", "1.000000"
			}
		}
	},
	{"123"
		{
			{"113"}
			"R_InnerRoll_end"
			{
				"0.124756", "-0.992186", "-0.001859", "0.000000",
				"0.084028", "0.008699", "0.996425", "0.000000",
				"-0.988623", "-0.124466", "0.084457", "0.000000",
				"-6.632262", "-12.661105", "13.799527", "1.000000"
			}
		}
	},
	{"124"
		{
			{"123"}
			"R_InnerRoll_end_end"
			{
				"1.000000", "-0.000000", "0.000000", "0.000000",
				"0.000000", "1.000000", "0.000000", "0.000000",
				"0.000000", "0.000000", "1.000000", "0.000000",
				"0.000000", "0.000000", "13.805529", "1.000000"
			}
		}
	},
	{"125"
		{
			{"113"}
			"R_SwivelRoll_end"
			{
				"0.124756", "-0.992186", "-0.001859", "0.000000",
				"0.084029", "0.008699", "0.996425", "0.000000",
				"-0.988623", "-0.124466", "0.084458", "0.000000",
				"0.727852", "-13.297772", "13.799525", "1.000000"
			}
		}
	},
	{"126"
		{
			{"125"}
			"R_SwivelRoll_end_end"
			{
				"1.000000", "-0.000000", "0.000000", "0.000000",
				"0.000000", "1.000000", "0.000000", "0.000000",
				"0.000000", "0.000000", "1.000000", "0.000000",
				"0.000000", "0.000000", "13.805529", "1.000000"
			}
		}
	},
	{"127"
		{
			{"113"}
			"R_OuterRoll_end"
			{
				"0.124756", "-0.992186", "-0.001859", "0.000000",
				"0.084029", "0.008699", "0.996425", "0.000000",
				"-0.988623", "-0.124466", "0.084457", "0.000000",
				"8.402441", "-11.396150", "13.799520", "1.000000"
			}
		}
	},
	{"128"
		{
			{"127"}
			"R_OuterRoll_end_end"
			{
				"1.000000", "-0.000000", "0.000000", "0.000000",
				"0.000000", "1.000000", "0.000000", "0.000000",
				"0.000000", "0.000000", "1.000000", "0.000000",
				"0.000000", "0.000000", "13.805529", "1.000000"
			}
		}
	},
	{"129"
		{
			{"113"}
			"R_HeelRoll_end"
			{
				"0.124756", "-0.992185", "-0.001859", "0.000000",
				"0.084030", "0.008699", "0.996425", "0.000000",
				"-0.988622", "-0.124466", "0.084459", "0.000000",
				"-2.840722", "6.734263", "13.699841", "1.000000"
			}
		}
	},
	{"130"
		{
			{"129"}
			"R_HeelRoll_end_end"
			{
				"1.000000", "-0.000000", "0.000000", "0.000000",
				"0.000000", "1.000000", "0.000000", "0.000000",
				"0.000000", "0.000000", "1.000000", "0.000000",
				"0.000000", "0.000000", "13.805529", "1.000000"
			}
		}
	},
	{"131"
		{
			{"109"}
			"L_Hip"
			{
				"-0.909017", "0.132093", "0.395272", "0.000000",
				"-0.104073", "0.846446", "-0.522205", "0.000000",
				"-0.403556", "-0.515830", "-0.755686", "0.000000",
				"-7.420485", "-5.185617", "5.482407", "1.000000"
			}
		}
	},
	{"132"
		{
			{"131"}
			"L_KneeUpper"
			{
				"-0.000046", "-0.000021", "-1.000000", "0.000000",
				"1.000000", "-0.000040", "-0.000046", "0.000000",
				"-0.000040", "-1.000000", "0.000021", "0.000000",
				"-0.000012", "0.000210", "47.521011", "1.000000"
			}
		}
	},
	{"133"
		{
			{"132"}
			"L_KneeLower"
			{
				"0.003384", "0.999976", "-0.006024", "0.000000",
				"-0.856452", "-0.000211", "-0.516226", "0.000000",
				"-0.516215", "0.006906", "0.856431", "0.000000",
				"-0.000006", "0.000003", "-0.000004", "1.000000"
			}
		}
	},
	{"134"
		{
			{"133"}
			"L_Foot"
			{
				"0.996075", "-0.087001", "-0.016297", "0.000000",
				"0.074612", "0.924332", "-0.374223", "0.000000",
				"0.047621", "0.371538", "0.927195", "0.000000",
				"-0.000003", "-0.000004", "71.540115", "1.000000"
			}
		}
	},
	{"135"
		{
			{"134"}
			"L_Toe"
			{
				"0.999998", "-0.002029", "-0.000022", "0.000000",
				"0.000507", "0.260642", "-0.965435", "0.000000",
				"0.001965", "0.965433", "0.260643", "0.000000",
				"0.179322", "12.658752", "8.478993", "1.000000"
			}
		}
	},
	{"136"
		{
			{"135"}
			"L_Toe_end"
			{
				"1.000000", "0.000000", "-0.000061", "0.000000",
				"0.000061", "0.000001", "1.000000", "0.000000",
				"0.000000", "-1.000000", "0.000001", "0.000000",
				"0.000001", "-0.000023", "17.611286", "1.000000"
			}
		}
	},
	{"137"
		{
			{"136"}
			"L_Toe_end_end"
			{
				"1.000000", "-0.000000", "0.000000", "0.000000",
				"0.000000", "1.000000", "0.000000", "0.000000",
				"0.000000", "0.000000", "1.000000", "0.000000",
				"0.000000", "0.000000", "17.618269", "1.000000"
			}
		}
	},
	{"138"
		{
			{"134"}
			"L_ToeRoll_end"
			{
				"-0.122540", "0.992397", "0.011481", "0.000000",
				"0.082097", "0.021664", "-0.996389", "0.000000",
				"-0.989062", "-0.121155", "-0.084128", "0.000000",
				"1.393027", "26.591772", "14.853477", "1.000000"
			}
		}
	},
	{"139"
		{
			{"138"}
			"L_ToeRoll_end_end"
			{
				"1.000000", "-0.000000", "0.000000", "0.000000",
				"0.000000", "1.000000", "0.000000", "0.000000",
				"0.000000", "0.000000", "1.000000", "0.000000",
				"0.000000", "0.000000", "14.254220", "1.000000"
			}
		}
	},
	{"140"
		{
			{"134"}
			"L_Buffbone_Glb_Foot_Loc"
			{
				"1.000000", "-0.000043", "-0.000043", "0.000000",
				"0.000043", "1.000000", "-0.000043", "0.000000",
				"0.000043", "0.000043", "1.000000", "0.000000",
				"0.000002", "0.000000", "-0.000004", "1.000000"
			}
		}
	},
	{"141"
		{
			{"140"}
			"L_Buffbone_Glb_Foot_Loc_end"
			{
				"1.000000", "-0.000000", "0.000000", "0.000000",
				"0.000000", "1.000000", "0.000000", "0.000000",
				"0.000000", "0.000000", "1.000000", "0.000000",
				"0.000000", "0.000000", "14.254221", "1.000000"
			}
		}
	},
	{"142"
		{
			{"134"}
			"L_OuterRoll_end"
			{
				"-0.122643", "0.992293", "0.017671", "0.000000",
				"0.082161", "0.027896", "-0.996228", "0.000000",
				"-0.989044", "-0.120729", "-0.084949", "0.000000",
				"7.656807", "13.707955", "15.427804", "1.000000"
			}
		}
	},
	{"143"
		{
			{"142"}
			"L_OuterRoll_end_end"
			{
				"1.000000", "-0.000000", "0.000000", "0.000000",
				"0.000000", "1.000000", "0.000000", "0.000000",
				"0.000000", "0.000000", "1.000000", "0.000000",
				"0.000000", "0.000000", "14.254221", "1.000000"
			}
		}
	},
	{"144"
		{
			{"134"}
			"L_SwivelRoll_end"
			{
				"-0.122644", "0.992293", "0.017672", "0.000000",
				"0.082162", "0.027897", "-0.996228", "0.000000",
				"-0.989044", "-0.120729", "-0.084950", "0.000000",
				"-0.141110", "13.704243", "14.120738", "1.000000"
			}
		}
	},
	{"145"
		{
			{"144"}
			"L_SwivelRoll_end_end"
			{
				"1.000000", "-0.000000", "0.000000", "0.000000",
				"0.000000", "1.000000", "0.000000", "0.000000",
				"0.000000", "0.000000", "1.000000", "0.000000",
				"0.000000", "0.000000", "14.254220", "1.000000"
			}
		}
	},
	{"146"
		{
			{"134"}
			"L_InnerRoll_end"
			{
				"-0.122643", "0.992293", "0.017672", "0.000000",
				"0.082162", "0.027897", "-0.996228", "0.000000",
				"-0.989044", "-0.120729", "-0.084950", "0.000000",
				"-7.019056", "11.314647", "12.871756", "1.000000"
			}
		}
	},
	{"147"
		{
			{"146"}
			"L_InnerRoll_end_end"
			{
				"1.000000", "-0.000000", "0.000000", "0.000000",
				"0.000000", "1.000000", "0.000000", "0.000000",
				"0.000000", "0.000000", "1.000000", "0.000000",
				"0.000000", "0.000000", "14.254220", "1.000000"
			}
		}
	},
