[
	{"106"}
	{"0"
		{
			{"-1"}
			"Root"
			{
				"-0.998133", "-0.060926", "0.004421", "0.000000",
				"0.013155", "-0.143716", "0.989532", "0.000000",
				"-0.059653", "0.987742", "0.144249", "0.000000",
				"-6.563993", "198.554047", "14.799521", "1.000000"
			}
		}
	},
	{"1"
		{
			{"0"}
			"Spine1"
			{
				"0.999859", "-0.000190", "-0.016797", "0.000000",
				"0.001634", "0.996291", "0.086032", "0.000000",
				"0.016719", "-0.086047", "0.996151", "0.000000",
				"0.052534", "0.746681", "15.395684", "1.000000"
			}
		}
	},
	{"2"
		{
			{"1"}
			"Spine2"
			{
				"0.998680", "-0.046550", "-0.021725", "0.000000",
				"0.045726", "0.612829", "0.788891", "0.000000",
				"-0.023409", "-0.788843", "0.614149", "0.000000",
				"1.261243", "9.072615", "96.207565", "1.000000"
			}
		}
	},
	{"3"
		{
			{"2"}
			"Neck"
			{
				"1.000000", "0.000048", "-0.000037", "0.000000",
				"-0.000037", "0.968108", "0.250534", "0.000000",
				"0.000048", "-0.250534", "0.968108", "0.000000",
				"0.001671", "-9.973330", "138.559265", "1.000000"
			}
		}
	},
	{"4"
		{
			{"3"}
			"Head"
			{
				"0.992754", "0.103810", "0.060521", "0.000000",
				"-0.119014", "0.918930", "0.376037", "0.000000",
				"-0.016579", "-0.380515", "0.924626", "0.000000",
				"5.264066", "-15.148447", "25.523863", "1.000000"
			}
		}
	},
	{"5"
		{
			{"4"}
			"Jaw"
			{
				"0.000027", "0.850258", "0.526366", "0.000000",
				"-1.000000", "0.000058", "-0.000043", "0.000000",
				"-0.000068", "-0.526366", "0.850258", "0.000000",
				"0.001678", "-10.217469", "12.134163", "1.000000"
			}
		}
	},
	{"6"
		{
			{"5"}
			"Jaw_end"
			{
				"1.000000", "-0.000000", "0.000000", "0.000000",
				"0.000000", "1.000000", "0.000000", "0.000000",
				"0.000000", "0.000000", "1.000000", "0.000000",
				"0.000000", "0.000000", "16.689425", "1.000000"
			}
		}
	},
	{"7"
		{
			{"4"}
			"L_Tentacle1"
			{
				"0.910803", "-0.403295", "-0.088267", "0.000000",
				"0.168189", "0.557732", "-0.812802", "0.000000",
				"0.377028", "0.725457", "0.575814", "0.000000",
				"19.584717", "10.674275", "40.373173", "1.000000"
			}
		}
	},
	{"8"
		{
			{"7"}
			"L_Tentacle2"
			{
				"0.614666", "-0.136641", "-0.776862", "0.000000",
				"-0.245352", "0.902905", "-0.352937", "0.000000",
				"0.749659", "0.407543", "0.521460", "0.000000",
				"1.860701", "5.592310", "43.933495", "1.000000"
			}
		}
	},
	{"9"
		{
			{"8"}
			"L_Tentacle2_end"
			{
				"1.000000", "-0.000000", "0.000000", "0.000000",
				"0.000000", "1.000000", "0.000000", "0.000000",
				"0.000000", "0.000000", "1.000000", "0.000000",
				"0.000000", "0.000000", "44.432552", "1.000000"
			}
		}
	},
	{"10"
		{
			{"4"}
			"R_Tentacle1"
			{
				"-0.910808", "-0.403260", "-0.088381", "0.000000",
				"0.168076", "-0.557759", "0.812807", "0.000000",
				"-0.377067", "0.725456", "0.575789", "0.000000",
				"-19.586466", "10.674258", "40.373177", "1.000000"
			}
		}
	},
	{"11"
		{
			{"10"}
			"R_Tentacle2"
			{
				"0.614666", "0.136641", "-0.776862", "0.000000",
				"0.245351", "0.902905", "0.352937", "0.000000",
				"0.749659", "-0.407543", "0.521460", "0.000000",
				"1.860826", "-5.598960", "43.931778", "1.000000"
			}
		}
	},
	{"12"
		{
			{"11"}
			"R_Tentacle2_end"
			{
				"1.000000", "-0.000000", "0.000000", "0.000000",
				"0.000000", "1.000000", "0.000000", "0.000000",
				"0.000000", "0.000000", "1.000000", "0.000000",
				"0.000000", "0.000000", "44.432388", "1.000000"
			}
		}
	},
	{"13"
		{
			{"4"}
			"L_Pincer"
			{
				"0.404198", "0.667673", "-0.625169", "0.000000",
				"-0.851184", "0.024369", "-0.524301", "0.000000",
				"-0.334827", "0.744056", "0.578162", "0.000000",
				"52.015347", "-9.328397", "15.414532", "1.000000"
			}
		}
	},
	{"14"
		{
			{"13"}
			"L_Pincer_end"
			{
				"1.000000", "-0.000000", "0.000000", "0.000000",
				"0.000000", "1.000000", "0.000000", "0.000000",
				"0.000000", "0.000000", "1.000000", "0.000000",
				"0.000000", "0.000000", "16.689425", "1.000000"
			}
		}
	},
	{"15"
		{
			{"4"}
			"R_Pincer"
			{
				"0.377955", "-0.654145", "0.655167", "0.000000",
				"-0.852500", "0.030112", "0.521859", "0.000000",
				"-0.361100", "-0.755769", "-0.546278", "0.000000",
				"-52.012028", "-9.328415", "15.414536", "1.000000"
			}
		}
	},
	{"16"
		{
			{"15"}
			"R_Pincer_end"
			{
				"1.000000", "-0.000000", "0.000000", "0.000000",
				"0.000000", "1.000000", "0.000000", "0.000000",
				"0.000000", "0.000000", "1.000000", "0.000000",
				"0.000000", "0.000000", "16.689425", "1.000000"
			}
		}
	},
	{"17"
		{
			{"4"}
			"C_Buffbone_Glb_Head_Loc"
			{
				"1.000000", "0.000043", "-0.000043", "0.000000",
				"-0.000043", "1.000000", "0.000043", "0.000000",
				"0.000043", "-0.000043", "1.000000", "0.000000",
				"0.001676", "0.000034", "-0.003326", "1.000000"
			}
		}
	},
	{"18"
		{
			{"17"}
			"C_Buffbone_Glb_Head_Loc_end"
			{
				"1.000000", "-0.000000", "0.000000", "0.000000",
				"0.000000", "1.000000", "0.000000", "0.000000",
				"0.000000", "0.000000", "1.000000", "0.000000",
				"0.000000", "0.000000", "16.689423", "1.000000"
			}
		}
	},
	{"19"
		{
			{"4"}
			"L_Eye"
			{
				"0.820791", "0.256351", "-0.510477", "0.000000",
				"-0.427606", "0.868270", "-0.251517", "0.000000",
				"0.378755", "0.424726", "0.822285", "0.000000",
				"16.893578", "-2.439325", "43.288208", "1.000000"
			}
		}
	},
	{"20"
		{
			{"19"}
			"L_Eye_end"
			{
				"1.000000", "-0.000000", "0.000000", "0.000000",
				"0.000000", "1.000000", "0.000000", "0.000000",
				"0.000000", "0.000000", "1.000000", "0.000000",
				"0.000000", "0.000000", "16.689419", "1.000000"
			}
		}
	},
	{"21"
		{
			{"4"}
			"R_Eye"
			{
				"0.820832", "-0.256347", "0.510413", "0.000000",
				"-0.427612", "-0.868239", "0.251614", "0.000000",
				"0.378659", "-0.424791", "-0.822295", "0.000000",
				"-16.895304", "-2.439301", "43.288189", "1.000000"
			}
		}
	},
	{"22"
		{
			{"21"}
			"R_Eye_end"
			{
				"1.000000", "-0.000000", "0.000000", "0.000000",
				"0.000000", "1.000000", "0.000000", "0.000000",
				"0.000000", "0.000000", "1.000000", "0.000000",
				"0.000000", "0.000000", "16.689419", "1.000000"
			}
		}
	},
	{"23"
		{
			{"3"}
			"L_Shell1"
			{
				"-0.975691", "0.212763", "-0.052521", "0.000000",
				"0.059362", "0.487287", "0.871222", "0.000000",
				"0.210956", "0.846926", "-0.488072", "0.000000",
				"0.001683", "20.701468", "45.302959", "1.000000"
			}
		}
	},
	{"24"
		{
			{"23"}
			"L_Shell2"
			{
				"0.988276", "0.080505", "0.129725", "0.000000",
				"-0.146332", "0.741834", "0.654423", "0.000000",
				"-0.043550", "-0.665734", "0.744918", "0.000000",
				"0.000101", "-0.003181", "66.238045", "1.000000"
			}
		}
	},
	{"25"
		{
			{"24"}
			"L_Shell3"
			{
				"0.997899", "-0.019332", "0.061840", "0.000000",
				"-0.013763", "0.869421", "0.493880", "0.000000",
				"-0.063313", "-0.493693", "0.867329", "0.000000",
				"-0.000165", "-0.003587", "87.659569", "1.000000"
			}
		}
	},
	{"26"
		{
			{"25"}
			"L_Shell4"
			{
				"0.998800", "-0.030851", "0.038046", "0.000000",
				"0.002242", "0.804698", "0.593680", "0.000000",
				"-0.048931", "-0.592882", "0.803801", "0.000000",
				"-0.000120", "-0.003639", "97.745224", "1.000000"
			}
		}
	},
	{"27"
		{
			{"26"}
			"L_Shell5"
			{
				"0.998681", "0.051009", "0.005881", "0.000000",
				"-0.051315", "0.987438", "0.149439", "0.000000",
				"0.001816", "-0.149543", "0.988753", "0.000000",
				"0.000256", "-0.002717", "101.983246", "1.000000"
			}
		}
	},
	{"28"
		{
			{"27"}
			"L_Shell5_end"
			{
				"1.000000", "-0.000000", "0.000000", "0.000000",
				"0.000000", "1.000000", "0.000000", "0.000000",
				"0.000000", "0.000000", "1.000000", "0.000000",
				"0.000000", "0.000000", "102.022171", "1.000000"
			}
		}
	},
	{"29"
		{
			{"3"}
			"R_Shell1"
			{
				"0.976390", "0.209934", "-0.050900", "0.000000",
				"0.059406", "-0.487500", "-0.871099", "0.000000",
				"-0.207688", "0.847509", "-0.488462", "0.000000",
				"0.001683", "20.701471", "45.302952", "1.000000"
			}
		}
	},
	{"30"
		{
			{"29"}
			"R_Shell2"
			{
				"0.988229", "-0.089420", "0.124131", "0.000000",
				"0.149364", "0.739439", "-0.656446", "0.000000",
				"-0.033088", "0.667259", "0.744090", "0.000000",
				"0.000198", "-0.003460", "66.236397", "1.000000"
			}
		}
	},
	{"31"
		{
			{"30"}
			"R_Shell3"
			{
				"0.997755", "0.013601", "0.065574", "0.000000",
				"0.020585", "0.869473", "-0.493552", "0.000000",
				"-0.063727", "0.493793", "0.867241", "0.000000",
				"-0.000001", "-0.003028", "87.663696", "1.000000"
			}
		}
	},
	{"32"
		{
			{"31"}
			"R_Shell4"
			{
				"0.998439", "0.029401", "0.047482", "0.000000",
				"0.004370", "0.806470", "-0.591258", "0.000000",
				"-0.055677", "0.590543", "0.805083", "0.000000",
				"-0.000047", "-0.003033", "97.748856", "1.000000"
			}
		}
	},
	{"33"
		{
			{"32"}
			"R_Shell5"
			{
				"0.998681", "-0.051009", "0.005848", "0.000000",
				"0.051309", "0.987437", "-0.149452", "0.000000",
				"0.001849", "0.149555", "0.988752", "0.000000",
				"0.000353", "-0.003953", "101.981522", "1.000000"
			}
		}
	},
	{"34"
		{
			{"33"}
			"R_Shell5_end"
			{
				"1.000000", "-0.000000", "0.000000", "0.000000",
				"0.000000", "1.000000", "0.000000", "0.000000",
				"0.000000", "0.000000", "1.000000", "0.000000",
				"0.000000", "0.000000", "102.021935", "1.000000"
			}
		}
	},
	{"35"
		{
			{"2"}
			"L_Clavicle"
			{
				"-0.000043", "-0.000063", "1.000000", "0.000000",
				"-0.000043", "-1.000000", "-0.000063", "0.000000",
				"1.000000", "-0.000043", "0.000043", "0.000000",
				"1.714673", "-0.756343", "12.902601", "1.000000"
			}
		}
	},
	{"36"
		{
			{"35"}
			"L_Shoulder"
			{
				"-0.240313", "-0.170678", "-0.955573", "0.000000",
				"-0.138430", "-0.968333", "0.207770", "0.000000",
				"-0.960774", "0.182210", "0.209076", "0.000000",
				"86.017197", "3.844245", "87.615211", "1.000000"
			}
		}
	},
	{"37"
		{
			{"36"}
			"L_Elbow"
			{
				"-0.596208", "0.769377", "0.229337", "0.000000",
				"0.151843", "0.388570", "-0.908822", "0.000000",
				"-0.788340", "-0.507024", "-0.348493", "0.000000",
				"0.000682", "-0.003824", "143.242508", "1.000000"
			}
		}
	},
	{"38"
		{
			{"37"}
			"L_Hand"
			{
				"0.850735", "-0.497024", "0.170929", "0.000000",
				"0.430340", "0.845403", "0.316388", "0.000000",
				"-0.301756", "-0.195605", "0.933103", "0.000000",
				"-0.001019", "-0.003767", "139.973633", "1.000000"
			}
		}
	},
	{"39"
		{
			{"38"}
			"L_Thumb1"
			{
				"0.996218", "0.083324", "-0.024635", "0.000000",
				"-0.002491", "0.310784", "0.950477", "0.000000",
				"0.086854", "-0.946821", "0.309816", "0.000000",
				"-0.000103", "-29.957703", "-6.504131", "1.000000"
			}
		}
	},
	{"40"
		{
			{"39"}
			"L_Thumb2"
			{
				"1.000000", "-0.000043", "-0.000043", "0.000000",
				"0.000043", "1.000000", "-0.000043", "0.000000",
				"0.000043", "0.000043", "1.000000", "0.000000",
				"-0.000063", "-0.003316", "3.515577", "1.000000"
			}
		}
	},
	{"41"
		{
			{"40"}
			"L_Thumb2_end"
			{
				"1.000000", "-0.000000", "0.000000", "0.000000",
				"0.000000", "1.000000", "0.000000", "0.000000",
				"0.000000", "0.000000", "1.000000", "0.000000",
				"0.000000", "0.000000", "3.513094", "1.000000"
			}
		}
	},
	{"42"
		{
			{"38"}
			"L_Index1"
			{
				"1.000000", "0.000005", "-0.000043", "0.000000",
				"0.000043", "-0.210922", "0.977503", "0.000000",
				"-0.000004", "-0.977503", "-0.210922", "0.000000",
				"-0.000748", "-8.851177", "65.087662", "1.000000"
			}
		}
	},
	{"43"
		{
			{"42"}
			"L_Index2"
			{
				"1.000000", "-0.000043", "-0.000043", "0.000000",
				"0.000043", "1.000000", "-0.000044", "0.000000",
				"0.000043", "0.000044", "1.000000", "0.000000",
				"-0.000072", "-0.003323", "3.307774", "1.000000"
			}
		}
	},
	{"44"
		{
			{"43"}
			"L_Index2_end"
			{
				"1.000000", "-0.000000", "0.000000", "0.000000",
				"0.000000", "1.000000", "0.000000", "0.000000",
				"0.000000", "0.000000", "1.000000", "0.000000",
				"0.000000", "0.000000", "3.306693", "1.000000"
			}
		}
	},
	{"45"
		{
			{"38"}
			"L_Buffbone_Glb_Hand_Loc"
			{
				"1.000000", "0.000056", "0.000013", "0.000000",
				"0.000013", "0.000003", "-1.000000", "0.000000",
				"-0.000056", "1.000000", "0.000003", "0.000000",
				"-0.000048", "-0.003277", "-0.011803", "1.000000"
			}
		}
	},
	{"46"
		{
			{"45"}
			"L_Buffbone_Glb_Hand_Loc_end"
			{
				"1.000000", "-0.000000", "0.000000", "0.000000",
				"0.000000", "1.000000", "0.000000", "0.000000",
				"0.000000", "0.000000", "1.000000", "0.000000",
				"0.000000", "0.000000", "0.303540", "1.000000"
			}
		}
	},
	{"47"
		{
			{"2"}
			"L_Rear_Shoulder"
			{
				"0.576850", "0.816813", "-0.007833", "0.000000",
				"0.720970", "-0.504609", "0.474945", "0.000000",
				"0.383988", "-0.279619", "-0.879981", "0.000000",
				"53.205032", "-10.779041", "83.255775", "1.000000"
			}
		}
	},
	{"48"
		{
			{"47"}
			"L_Rear_Elbow"
			{
				"-0.929484", "-0.206049", "0.305948", "0.000000",
				"-0.016233", "0.851480", "0.524136", "0.000000",
				"-0.368506", "0.482210", "-0.794781", "0.000000",
				"-0.000367", "-0.002862", "103.503784", "1.000000"
			}
		}
	},
	{"49"
		{
			{"48"}
			"L_Rear_Hand"
			{
				"0.251180", "0.360415", "-0.898337", "0.000000",
				"-0.575780", "0.801668", "0.160640", "0.000000",
				"0.778065", "0.476896", "0.408883", "0.000000",
				"-0.000187", "-0.003181", "139.973572", "1.000000"
			}
		}
	},
	{"50"
		{
			{"49"}
			"L_Rear_Hand_end"
			{
				"1.000000", "-0.000000", "0.000000", "0.000000",
				"0.000000", "1.000000", "0.000000", "0.000000",
				"0.000000", "0.000000", "1.000000", "0.000000",
				"0.000000", "0.000000", "139.809143", "1.000000"
			}
		}
	},
	{"51"
		{
			{"2"}
			"R_Clavicle"
			{
				"0.000043", "-0.000116", "-1.000000", "0.000000",
				"0.000216", "-1.000000", "0.000116", "0.000000",
				"-1.000000", "-0.000216", "-0.000043", "0.000000",
				"-1.716416", "-0.756368", "12.902566", "1.000000"
			}
		}
	},
	{"52"
		{
			{"51"}
			"R_Shoulder"
			{
				"-0.029872", "-0.001939", "-0.999552", "0.000000",
				"-0.223041", "0.974798", "0.004774", "0.000000",
				"0.974351", "0.223084", "-0.029552", "0.000000",
				"-100.082787", "-10.504982", "86.659950", "1.000000"
			}
		}
	},
	{"53"
		{
			{"52"}
			"R_Elbow"
			{
				"-0.572899", "-0.570818", "0.588178", "0.000000",
				"0.288360", "0.531367", "0.796554", "0.000000",
				"-0.767225", "0.625952", "-0.139818", "0.000000",
				"0.000678", "-0.003199", "143.240814", "1.000000"
			}
		}
	},
	{"54"
		{
			{"53"}
			"R_Hand"
			{
				"0.949661", "0.199284", "0.241721", "0.000000",
				"-0.158372", "0.971124", "-0.178428", "0.000000",
				"-0.270299", "0.131164", "0.953800", "0.000000",
				"0.000601", "-0.003073", "139.971954", "1.000000"
			}
		}
	},
	{"55"
		{
			{"54"}
			"R_Thumb1"
			{
				"0.996218", "-0.083320", "-0.024625", "0.000000",
				"0.002500", "0.310798", "-0.950473", "0.000000",
				"0.086847", "0.946817", "0.309831", "0.000000",
				"0.000071", "29.960606", "-6.505478", "1.000000"
			}
		}
	},
	{"56"
		{
			{"55"}
			"R_Thumb2"
			{
				"0.990977", "0.090647", "0.098730", "0.000000",
				"-0.085865", "0.994966", "-0.051667", "0.000000",
				"-0.102916", "0.042724", "0.993772", "0.000000",
				"0.000036", "-0.003312", "3.513823", "1.000000"
			}
		}
	},
	{"57"
		{
			{"56"}
			"R_Thumb2_end"
			{
				"1.000000", "-0.000000", "0.000000", "0.000000",
				"0.000000", "1.000000", "0.000000", "0.000000",
				"0.000000", "0.000000", "1.000000", "0.000000",
				"0.000000", "0.000000", "3.513380", "1.000000"
			}
		}
	},
	{"58"
		{
			{"54"}
			"R_Index1"
			{
				"1.000000", "-0.000006", "-0.000035", "0.000000",
				"-0.000035", "-0.210918", "-0.977504", "0.000000",
				"-0.000001", "0.977504", "-0.210918", "0.000000",
				"-0.001274", "8.853110", "65.086090", "1.000000"
			}
		}
	},
	{"59"
		{
			{"58"}
			"R_Index2"
			{
				"1.000000", "0.000043", "-0.000043", "0.000000",
				"-0.000043", "1.000000", "0.000048", "0.000000",
				"0.000043", "-0.000048", "1.000000", "0.000000",
				"0.000034", "-0.003326", "3.306032", "1.000000"
			}
		}
	},
	{"60"
		{
			{"59"}
			"R_Index2_end"
			{
				"1.000000", "-0.000000", "0.000000", "0.000000",
				"0.000000", "1.000000", "0.000000", "0.000000",
				"0.000000", "0.000000", "1.000000", "0.000000",
				"0.000000", "0.000000", "3.306239", "1.000000"
			}
		}
	},
	{"61"
		{
			{"54"}
			"R_Buffbone_Glb_Hand_Loc"
			{
				"1.000000", "-0.000066", "0.000023", "0.000000",
				"-0.000023", "0.000003", "1.000000", "0.000000",
				"-0.000066", "-1.000000", "0.000003", "0.000000",
				"0.000053", "-0.003290", "-0.008467", "1.000000"
			}
		}
	},
	{"62"
		{
			{"61"}
			"R_Buffbone_Glb_Hand_Loc_end"
			{
				"1.000000", "-0.000000", "0.000000", "0.000000",
				"0.000000", "1.000000", "0.000000", "0.000000",
				"0.000000", "0.000000", "1.000000", "0.000000",
				"0.000000", "0.000000", "0.303832", "1.000000"
			}
		}
	},
	{"63"
		{
			{"2"}
			"R_Rear_Shoulder"
			{
				"-0.921985", "0.384832", "-0.042982", "0.000000",
				"0.311021", "0.669843", "-0.674220", "0.000000",
				"-0.230671", "-0.634990", "-0.737277", "0.000000",
				"-67.697075", "-22.555628", "80.280563", "1.000000"
			}
		}
	},
	{"64"
		{
			{"63"}
			"R_Rear_Elbow"
			{
				"-0.918665", "0.020904", "0.394484", "0.000000",
				"-0.202664", "0.832231", "-0.516060", "0.000000",
				"-0.339090", "-0.554034", "-0.760306", "0.000000",
				"0.000401", "-0.003092", "103.502121", "1.000000"
			}
		}
	},
	{"65"
		{
			{"64"}
			"R_Rear_Hand"
			{
				"0.083207", "0.167724", "-0.982316", "0.000000",
				"0.473928", "0.860465", "0.187063", "0.000000",
				"0.876623", "-0.481112", "-0.007893", "0.000000",
				"-0.000454", "-0.003113", "139.972183", "1.000000"
			}
		}
	},
	{"66"
		{
			{"65"}
			"R_Rear_Hand_end"
			{
				"1.000000", "-0.000000", "0.000000", "0.000000",
				"0.000000", "1.000000", "0.000000", "0.000000",
				"0.000000", "0.000000", "1.000000", "0.000000",
				"0.000000", "0.000000", "140.403183", "1.000000"
			}
		}
	},
	{"67"
		{
			{"2"}
			"C_Weapon_Root"
			{
				"0.000052", "-0.955329", "-0.295545", "0.000000",
				"0.000030", "0.295545", "-0.955329", "0.000000",
				"1.000000", "0.000041", "0.000044", "0.000000",
				"0.001692", "94.490875", "24.029154", "1.000000"
			}
		}
	},
	{"68"
		{
			{"67"}
			"C_Weapon"
			{
				"0.999986", "-0.005203", "-0.000937", "0.000000",
				"0.005207", "0.999981", "0.003415", "0.000000",
				"0.000920", "-0.003420", "0.999994", "0.000000",
				"8.782354", "3.501019", "-7.520594", "1.000000"
			}
		}
	},
	{"69"
		{
			{"68"}
			"Buffbone_Glb_Weapon_1"
			{
				"1.000000", "0.000043", "-0.000043", "0.000000",
				"-0.000043", "1.000000", "0.000043", "0.000000",
				"0.000043", "-0.000043", "1.000000", "0.000000",
				"0.001640", "0.000066", "-0.003325", "1.000000"
			}
		}
	},
	{"70"
		{
			{"69"}
			"Buffbone_Glb_Weapon_1_end"
			{
				"1.000000", "-0.000000", "0.000000", "0.000000",
				"0.000000", "1.000000", "0.000000", "0.000000",
				"0.000000", "0.000000", "1.000000", "0.000000",
				"0.000000", "0.000000", "13.038534", "1.000000"
			}
		}
	},
	{"71"
		{
			{"1"}
			"C_Buffbone_Glb_Chest_Loc"
			{
				"1.000000", "0.000043", "-0.000043", "0.000000",
				"-0.000043", "1.000000", "0.000043", "0.000000",
				"0.000043", "-0.000043", "1.000000", "0.000000",
				"0.001679", "0.267507", "8.047632", "1.000000"
			}
		}
	},
	{"72"
		{
			{"71"}
			"C_Buffbone_Glb_Chest_Loc_end"
			{
				"1.000000", "-0.000000", "0.000000", "0.000000",
				"0.000000", "1.000000", "0.000000", "0.000000",
				"0.000000", "0.000000", "1.000000", "0.000000",
				"0.000000", "0.000000", "8.053272", "1.000000"
			}
		}
	},
	{"73"
		{
			{"0"}
			"C_Tail1"
			{
				"-0.988088", "0.070296", "-0.136896", "0.000000",
				"-0.073318", "0.567081", "0.820391", "0.000000",
				"0.135301", "0.820656", "-0.555172", "0.000000",
				"-3.832104", "-2.551638", "111.020531", "1.000000"
			}
		}
	},
	{"74"
		{
			{"73"}
			"C_Tail2"
			{
				"0.992027", "0.083827", "-0.094100", "0.000000",
				"-0.048328", "0.942654", "0.330253", "0.000000",
				"0.116388", "-0.323072", "0.939190", "0.000000",
				"-0.000050", "-0.003935", "89.595413", "1.000000"
			}
		}
	},
	{"75"
		{
			{"74"}
			"C_Tail3"
			{
				"0.984296", "0.161196", "-0.071957", "0.000000",
				"-0.111812", "0.253870", "-0.960754", "0.000000",
				"-0.136602", "0.953712", "0.267907", "0.000000",
				"-0.000052", "-0.004520", "174.130737", "1.000000"
			}
		}
	},
	{"76"
		{
			{"75"}
			"C_Tail4"
			{
				"0.999933", "0.004192", "-0.010806", "0.000000",
				"-0.008222", "-0.400500", "-0.916260", "0.000000",
				"-0.008169", "0.916287", "-0.400439", "0.000000",
				"-0.000059", "-0.003259", "164.799759", "1.000000"
			}
		}
	},
	{"77"
		{
			{"76"}
			"C_Tail5"
			{
				"0.994698", "0.049281", "-0.090264", "0.000000",
				"-0.058891", "0.992503", "-0.107096", "0.000000",
				"0.084309", "0.111844", "0.990143", "0.000000",
				"-0.000051", "-0.003895", "106.176620", "1.000000"
			}
		}
	},
	{"78"
		{
			{"77"}
			"C_Tail5_end"
			{
				"1.000000", "-0.000000", "0.000000", "0.000000",
				"0.000000", "1.000000", "0.000000", "0.000000",
				"0.000000", "0.000000", "1.000000", "0.000000",
				"0.000000", "0.000000", "105.906998", "1.000000"
			}
		}
	},
	{"79"
		{
			{"0"}
			"Pelvis"
			{
				"0.999909", "0.002536", "0.013271", "0.000000",
				"0.004080", "-0.993051", "-0.117617", "0.000000",
				"0.012881", "0.117661", "-0.992970", "0.000000",
				"0.077970", "0.721703", "-10.434863", "1.000000"
			}
		}
	},
	{"80"
		{
			{"79"}
			"L_Hip"
			{
				"0.936595", "-0.140496", "-0.321014", "0.000000",
				"0.155329", "0.987641", "0.020936", "0.000000",
				"0.314105", "-0.069472", "0.946843", "0.000000",
				"25.793100", "-9.788605", "13.359124", "1.000000"
			}
		}
	},
	{"81"
		{
			{"80"}
			"L_KneeUpper"
			{
				"1.000000", "0.000006", "-0.000059", "0.000000",
				"0.000059", "-0.236946", "0.971523", "0.000000",
				"-0.000008", "-0.971523", "-0.236946", "0.000000",
				"-0.000051", "-0.003579", "96.109406", "1.000000"
			}
		}
	},
	{"82"
		{
			{"81"}
			"L_KneeLower"
			{
				"1.000000", "-0.000059", "-0.000017", "0.000000",
				"0.000015", "0.511868", "-0.859064", "0.000000",
				"0.000059", "0.859064", "0.511868", "0.000000",
				"-0.000062", "-0.003319", "-0.001693", "1.000000"
			}
		}
	},
	{"83"
		{
			{"82"}
			"L_Foot"
			{
				"0.894347", "-0.447360", "0.003491", "0.000000",
				"0.394873", "0.785703", "-0.476178", "0.000000",
				"0.210280", "0.427247", "0.879342", "0.000000",
				"-0.000109", "-0.003460", "33.255112", "1.000000"
			}
		}
	},
	{"84"
		{
			{"83"}
			"L_Toe"
			{
				"0.876587", "0.183176", "0.445018", "0.000000",
				"0.439625", "0.071373", "-0.895341", "0.000000",
				"-0.195767", "0.980486", "-0.017964", "0.000000",
				"-5.541832", "-21.372549", "57.384296", "1.000000"
			}
		}
	},
	{"85"
		{
			{"84"}
			"L_Toe_end"
			{
				"1.000000", "-0.000000", "0.000000", "0.000000",
				"0.000000", "1.000000", "0.000000", "0.000000",
				"0.000000", "0.000000", "1.000000", "0.000000",
				"0.000000", "0.000000", "1.396200", "1.000000"
			}
		}
	},
	{"86"
		{
			{"83"}
			"L_Buffbone_Glb_Foot_Loc"
			{
				"1.000000", "-0.000043", "-0.000043", "0.000000",
				"0.000043", "1.000000", "-0.000043", "0.000000",
				"0.000043", "0.000043", "1.000000", "0.000000",
				"-0.007750", "-1.390451", "0.155461", "1.000000"
			}
		}
	},
	{"87"
		{
			{"86"}
			"L_Buffbone_Glb_Foot_Loc_end"
			{
				"1.000000", "-0.000000", "0.000000", "0.000000",
				"0.000000", "1.000000", "0.000000", "0.000000",
				"0.000000", "0.000000", "1.000000", "0.000000",
				"0.000000", "0.000000", "1.396195", "1.000000"
			}
		}
	},
	{"88"
		{
			{"79"}
			"R_Hip"
			{
				"-0.839721", "-0.542100", "0.031562", "0.000000",
				"0.496617", "-0.743159", "0.448426", "0.000000",
				"-0.219637", "0.392227", "0.893263", "0.000000",
				"-25.789789", "-9.788606", "13.359119", "1.000000"
			}
		}
	},
	{"89"
		{
			{"88"}
			"R_KneeUpper"
			{
				"1.000000", "-0.000008", "-0.000061", "0.000000",
				"-0.000061", "-0.236945", "-0.971523", "0.000000",
				"-0.000007", "0.971523", "-0.236945", "0.000000",
				"0.000062", "-0.002919", "96.112747", "1.000000"
			}
		}
	},
	{"90"
		{
			{"89"}
			"R_KneeLower"
			{
				"0.821391", "0.135181", "-0.554115", "0.000000",
				"0.235135", "0.804856", "0.544902", "0.000000",
				"0.519643", "-0.577869", "0.629315", "0.000000",
				"0.000047", "-0.003330", "0.001687", "1.000000"
			}
		}
	},
	{"91"
		{
			{"90"}
			"R_Foot"
			{
				"0.877132", "0.252118", "0.408749", "0.000000",
				"-0.463821", "0.224006", "0.857141", "0.000000",
				"0.124539", "-0.941413", "0.313421", "0.000000",
				"0.000099", "-0.003240", "33.253357", "1.000000"
			}
		}
	},
	{"92"
		{
			{"91"}
			"R_Toe"
			{
				"0.945473", "-0.240124", "0.220050", "0.000000",
				"0.002195", "0.680301", "0.732930", "0.000000",
				"-0.325694", "-0.692482", "0.643733", "0.000000",
				"-5.541801", "21.375462", "57.387505", "1.000000"
			}
		}
	},
	{"93"
		{
			{"92"}
			"R_Toe_end"
			{
				"1.000000", "-0.000000", "0.000000", "0.000000",
				"0.000000", "1.000000", "0.000000", "0.000000",
				"0.000000", "0.000000", "1.000000", "0.000000",
				"0.000000", "0.000000", "1.396248", "1.000000"
			}
		}
	},
	{"94"
		{
			{"91"}
			"R_Buffbone_Glb_Foot_Loc"
			{
				"1.000000", "0.000043", "-0.000043", "0.000000",
				"-0.000043", "1.000000", "0.000043", "0.000000",
				"0.000043", "-0.000043", "1.000000", "0.000000",
				"-0.007644", "1.383804", "0.153707", "1.000000"
			}
		}
	},
	{"95"
		{
			{"94"}
			"R_Buffbone_Glb_Foot_Loc_end"
			{
				"1.000000", "-0.000000", "0.000000", "0.000000",
				"0.000000", "1.000000", "0.000000", "0.000000",
				"0.000000", "0.000000", "1.000000", "0.000000",
				"0.000000", "0.000000", "1.396253", "1.000000"
			}
		}
	},
	{"96"
		{
			{"-1"}
			"Buffbone_Glb_Channel_Loc"
			{
				"-1.000000", "-0.000061", "0.000000", "0.000000",
				"-0.000000", "-0.000122", "-1.000000", "0.000000",
				"0.000061", "-1.000000", "0.000122", "0.000000",
				"0.001678", "-0.003319", "-0.000051", "1.000000"
			}
		}
	},
	{"97"
		{
			{"96"}
			"Buffbone_Glb_Channel_Loc_end"
			{
				"1.000000", "-0.000000", "0.000000", "0.000000",
				"0.000000", "1.000000", "0.000000", "0.000000",
				"0.000000", "0.000000", "1.000000", "0.000000",
				"0.000000", "0.000000", "1.000000", "1.000000"
			}
		}
	},
	{"98"
		{
			{"-1"}
			"Buffbone_Glb_Ground_Loc"
			{
				"-1.000000", "-0.000043", "-0.000043", "0.000000",
				"-0.000043", "1.000000", "0.000043", "0.000000",
				"0.000043", "0.000043", "-1.000000", "0.000000",
				"-6.014778", "-0.003319", "-8.934758", "1.000000"
			}
		}
	},
	{"99"
		{
			{"98"}
			"Buffbone_Glb_Ground_Loc_end"
			{
				"1.000000", "-0.000000", "0.000000", "0.000000",
				"0.000000", "1.000000", "0.000000", "0.000000",
				"0.000000", "0.000000", "1.000000", "0.000000",
				"0.000000", "0.000000", "0.010263", "1.000000"
			}
		}
	},
	{"100"
		{
			{"-1"}
			"C_Buffbone_Glb_Center_Loc"
			{
				"-1.000000", "-0.000043", "-0.000043", "0.000000",
				"-0.000043", "1.000000", "0.000043", "0.000000",
				"0.000043", "0.000043", "-1.000000", "0.000000",
				"-6.045843", "64.524834", "-11.460288", "1.000000"
			}
		}
	},
	{"101"
		{
			{"100"}
			"C_Buffbone_Glb_Center_Loc_end"
			{
				"1.000000", "-0.000000", "0.000000", "0.000000",
				"0.000000", "1.000000", "0.000000", "0.000000",
				"0.000000", "0.000000", "1.000000", "0.000000",
				"0.000000", "0.000000", "49.209183", "1.000000"
			}
		}
	},
	{"102"
		{
			{"-1"}
			"C_Buffbone_Glb_Layout_Loc"
			{
				"-1.000000", "-0.000043", "-0.000043", "0.000000",
				"-0.000043", "1.000000", "0.000043", "0.000000",
				"0.000043", "0.000043", "-1.000000", "0.000000",
				"0.011810", "-0.003319", "-0.000051", "1.000000"
			}
		}
	},
	{"103"
		{
			{"102"}
			"C_Buffbone_Glb_Layout_Loc_end"
			{
				"1.000000", "-0.000000", "0.000000", "0.000000",
				"0.000000", "1.000000", "0.000000", "0.000000",
				"0.000000", "0.000000", "1.000000", "0.000000",
				"0.000000", "0.000000", "0.010263", "1.000000"
			}
		}
	},
	{"104"
		{
			{"-1"}
			"C_Buffbone_Glb_Overhead_Loc"
			{
				"-1.000000", "-0.000043", "-0.000043", "0.000000",
				"-0.000043", "1.000000", "0.000043", "0.000000",
				"0.000043", "0.000043", "-1.000000", "0.000000",
				"0.001678", "514.048706", "-0.000051", "1.000000"
			}
		}
	},
	{"105"
		{
			{"104"}
			"C_Buffbone_Glb_Overhead_Loc_end"
			{
				"1.000000", "-0.000000", "0.000000", "0.000000",
				"0.000000", "1.000000", "0.000000", "0.000000",
				"0.000000", "0.000000", "1.000000", "0.000000",
				"0.000000", "0.000000", "514.048706", "1.000000"
			}
		}
	},
]
