[
	{"99"}
	{"0"
		{
			{"-1"}
			"Root"
			{
				"0.460198", "-0.016636", "0.887660", "0.000000",
				"-0.885540", "-0.080187", "0.457596", "0.000000",
				"0.063566", "-0.996641", "-0.051633", "0.000000",
				"6.480499", "115.127922", "15.091806", "1.000000"
			}
		}
	},
	{"1"
		{
			{"0"}
			"Spine1"
			{
				"0.973953", "0.203717", "0.099573", "0.000000",
				"0.192945", "-0.975249", "0.108018", "0.000000",
				"0.119114", "-0.085992", "-0.989150", "0.000000",
				"-0.000925", "0.159677", "-9.682497", "1.000000"
			}
		}
	},
	{"2"
		{
			{"1"}
			"Spine2"
			{
				"0.989060", "-0.130969", "-0.067872", "0.000000",
				"0.132666", "0.990939", "0.021093", "0.000000",
				"0.064494", "-0.029867", "0.997471", "0.000000",
				"-0.000919", "-2.402455", "9.704414", "1.000000"
			}
		}
	},
	{"3"
		{
			{"2"}
			"Spine3"
			{
				"0.989527", "-0.135986", "-0.048407", "0.000000",
				"0.138016", "0.989568", "0.041372", "0.000000",
				"0.042276", "-0.047620", "0.997971", "0.000000",
				"-0.000923", "-3.689417", "10.459782", "1.000000"
			}
		}
	},
	{"4"
		{
			{"3"}
			"Neck"
			{
				"0.996278", "0.003650", "-0.086116", "0.000000",
				"0.030761", "0.918256", "0.394797", "0.000000",
				"0.080518", "-0.395975", "0.914724", "0.000000",
				"-0.000826", "-1.931320", "26.832808", "1.000000"
			}
		}
	},
	{"5"
		{
			{"4"}
			"Head"
			{
				"0.085297", "0.942181", "-0.324067", "0.000000",
				"-0.906390", "-0.061689", "-0.417921", "0.000000",
				"-0.413747", "0.329378", "0.848719", "0.000000",
				"0.016004", "3.322131", "5.063474", "1.000000"
			}
		}
	},
	{"6"
		{
			{"5"}
			"C_Buffbone_Glb_Head_Loc"
			{
				"1.000000", "0.000043", "-0.000043", "0.000000",
				"-0.000043", "1.000003", "0.000043", "0.000000",
				"0.000043", "-0.000043", "1.000000", "0.000000",
				"-0.000923", "0.000594", "0.000703", "1.000000"
			}
		}
	},
	{"7"
		{
			{"6"}
			"C_Buffbone_Glb_Head_Loc_end"
			{
				"1.000000", "-0.000000", "0.000000", "0.000000",
				"0.000000", "1.000000", "0.000000", "0.000000",
				"0.000000", "0.000000", "1.000000", "0.000000",
				"0.000000", "0.000000", "5.942108", "1.000000"
			}
		}
	},
	{"8"
		{
			{"3"}
			"R_Clavicle"
			{
				"0.412317", "-0.911024", "0.005969", "0.000000",
				"0.234506", "0.099799", "-0.966978", "0.000000",
				"0.880342", "0.400100", "0.254789", "0.000000",
				"7.475745", "3.008635", "9.690059", "1.000000"
			}
		}
	},
	{"9"
		{
			{"8"}
			"R_Shoulder"
			{
				"0.960695", "0.234404", "-0.148747", "0.000000",
				"-0.271459", "0.905381", "-0.326490", "0.000000",
				"0.058142", "0.354035", "0.933423", "0.000000",
				"11.420734", "-2.548198", "23.000181", "1.000000"
			}
		}
	},
	{"10"
		{
			{"9"}
			"R_Elbow"
			{
				"0.324366", "0.000014", "0.945934", "0.000000",
				"-0.000061", "1.000000", "0.000006", "0.000000",
				"-0.945932", "-0.000060", "0.324366", "0.000000",
				"0.000582", "0.000823", "46.971340", "1.000000"
			}
		}
	},
	{"11"
		{
			{"10"}
			"R_Hand"
			{
				"0.254669", "0.151350", "-0.955114", "0.000000",
				"-0.553912", "0.832426", "-0.015785", "0.000000",
				"0.792670", "0.533067", "0.295827", "0.000000",
				"0.000596", "0.000535", "46.262650", "1.000000"
			}
		}
	},
	{"12"
		{
			{"11"}
			"R_Thumb1"
			{
				"-0.093996", "-0.540177", "0.836289", "0.000000",
				"0.780340", "0.481669", "0.398828", "0.000000",
				"-0.618250", "0.690077", "0.376246", "0.000000",
				"-8.071491", "3.812378", "5.523199", "1.000000"
			}
		}
	},
	{"13"
		{
			{"12"}
			"R_Thumb2"
			{
				"1.000003", "0.000009", "-0.000060", "0.000000",
				"-0.000060", "0.281590", "-0.959535", "0.000000",
				"0.000009", "0.959535", "0.281590", "0.000000",
				"0.000610", "0.000723", "9.607998", "1.000000"
			}
		}
	},
	{"14"
		{
			{"13"}
			"R_Thumb2_end"
			{
				"1.000000", "-0.000000", "0.000000", "0.000000",
				"0.000000", "1.000000", "0.000000", "0.000000",
				"0.000000", "0.000000", "1.000000", "0.000000",
				"0.000000", "0.000000", "9.608223", "1.000000"
			}
		}
	},
	{"15"
		{
			{"11"}
			"R_Index1"
			{
				"0.991940", "-0.059663", "0.111804", "0.000000",
				"0.098629", "-0.190519", "-0.976717", "0.000000",
				"0.079574", "0.979869", "-0.183098", "0.000000",
				"-5.417308", "7.896315", "16.832960", "1.000000"
			}
		}
	},
	{"16"
		{
			{"15"}
			"R_Index2"
			{
				"1.000003", "0.000009", "-0.000060", "0.000000",
				"-0.000060", "0.289124", "-0.957292", "0.000000",
				"0.000009", "0.957292", "0.289124", "0.000000",
				"0.000591", "0.000734", "7.063847", "1.000000"
			}
		}
	},
	{"17"
		{
			{"16"}
			"R_Index2_end"
			{
				"1.000000", "-0.000000", "0.000000", "0.000000",
				"0.000000", "1.000000", "0.000000", "0.000000",
				"0.000000", "0.000000", "1.000000", "0.000000",
				"0.000000", "0.000000", "7.063949", "1.000000"
			}
		}
	},
	{"18"
		{
			{"11"}
			"R_Middle1"
			{
				"0.990901", "-0.058878", "-0.121053", "0.000000",
				"-0.123571", "-0.041183", "-0.991481", "0.000000",
				"0.053391", "0.997415", "-0.048084", "0.000000",
				"0.430024", "7.450376", "17.103882", "1.000000"
			}
		}
	},
	{"19"
		{
			{"18"}
			"R_Middle2"
			{
				"1.000003", "0.000009", "-0.000060", "0.000000",
				"-0.000060", "0.289124", "-0.957292", "0.000000",
				"0.000009", "0.957292", "0.289124", "0.000000",
				"0.000584", "0.000746", "7.346530", "1.000000"
			}
		}
	},
	{"20"
		{
			{"19"}
			"R_Middle2_end"
			{
				"1.000000", "-0.000000", "0.000000", "0.000000",
				"0.000000", "1.000000", "0.000000", "0.000000",
				"0.000000", "0.000000", "1.000000", "0.000000",
				"0.000000", "0.000000", "7.346115", "1.000000"
			}
		}
	},
	{"21"
		{
			{"11"}
			"R_Ring1"
			{
				"0.992456", "-0.028526", "-0.119263", "0.000000",
				"-0.122403", "-0.171746", "-0.977507", "0.000000",
				"0.007401", "0.984728", "-0.173942", "0.000000",
				"5.531266", "6.192348", "17.746965", "1.000000"
			}
		}
	},
	{"22"
		{
			{"21"}
			"R_Ring2"
			{
				"1.000003", "0.000009", "-0.000060", "0.000000",
				"-0.000060", "0.289124", "-0.957292", "0.000000",
				"0.000009", "0.957292", "0.289124", "0.000000",
				"0.000594", "0.000690", "6.792953", "1.000000"
			}
		}
	},
	{"23"
		{
			{"22"}
			"R_Ring2_end"
			{
				"1.000000", "-0.000000", "0.000000", "0.000000",
				"0.000000", "1.000000", "0.000000", "0.000000",
				"0.000000", "0.000000", "1.000000", "0.000000",
				"0.000000", "0.000000", "6.792521", "1.000000"
			}
		}
	},
	{"24"
		{
			{"11"}
			"R_Pinky1"
			{
				"0.974220", "0.159020", "-0.160042", "0.000000",
				"-0.101941", "-0.322558", "-0.941045", "0.000000",
				"-0.201267", "0.933097", "-0.298031", "0.000000",
				"10.019516", "9.252924", "15.297060", "1.000000"
			}
		}
	},
	{"25"
		{
			{"24"}
			"R_Pinky2"
			{
				"1.000003", "0.000009", "-0.000060", "0.000000",
				"-0.000060", "0.289123", "-0.957292", "0.000000",
				"0.000009", "0.957292", "0.289123", "0.000000",
				"0.000598", "0.000736", "5.775277", "1.000000"
			}
		}
	},
	{"26"
		{
			{"25"}
			"R_Pinky2_end"
			{
				"1.000000", "-0.000000", "0.000000", "0.000000",
				"0.000000", "1.000000", "0.000000", "0.000000",
				"0.000000", "0.000000", "1.000000", "0.000000",
				"0.000000", "0.000000", "5.775780", "1.000000"
			}
		}
	},
	{"27"
		{
			{"11"}
			"Weapon"
			{
				"-0.137746", "-0.324070", "-0.935955", "0.000000",
				"-0.990455", "0.049830", "0.128513", "0.000000",
				"0.004991", "0.944720", "-0.327840", "0.000000",
				"4.229818", "7.374691", "9.680004", "1.000000"
			}
		}
	},
	{"28"
		{
			{"27"}
			"Weapon_end"
			{
				"1.000000", "-0.000000", "0.000000", "0.000000",
				"0.000000", "1.000000", "0.000000", "0.000000",
				"0.000000", "0.000000", "1.000000", "0.000000",
				"0.000000", "0.000000", "0.418747", "1.000000"
			}
		}
	},
	{"29"
		{
			{"11"}
			"Buffbone_Glb_Weapon_1"
			{
				"1.000003", "-0.000060", "0.000002", "0.000000",
				"-0.000002", "-0.000005", "1.000000", "0.000000",
				"-0.000060", "-1.000000", "-0.000005", "0.000000",
				"0.000595", "0.000732", "-0.000921", "1.000000"
			}
		}
	},
	{"30"
		{
			{"29"}
			"Buffbone_Glb_Weapon_1_end"
			{
				"1.000000", "-0.000000", "0.000000", "0.000000",
				"0.000000", "1.000000", "0.000000", "0.000000",
				"0.000000", "0.000000", "1.000000", "0.000000",
				"0.000000", "0.000000", "0.418747", "1.000000"
			}
		}
	},
	{"31"
		{
			{"11"}
			"R_Buffbone_Glb_Hand_Loc"
			{
				"1.000003", "-0.000060", "0.000002", "0.000000",
				"-0.000002", "-0.000005", "1.000000", "0.000000",
				"-0.000060", "-1.000000", "-0.000005", "0.000000",
				"0.000595", "0.000732", "-0.000921", "1.000000"
			}
		}
	},
	{"32"
		{
			{"31"}
			"R_Buffbone_Glb_Hand_Loc_end"
			{
				"1.000000", "-0.000000", "0.000000", "0.000000",
				"0.000000", "1.000000", "0.000000", "0.000000",
				"0.000000", "0.000000", "1.000000", "0.000000",
				"0.000000", "0.000000", "0.418747", "1.000000"
			}
		}
	},
	{"33"
		{
			{"8"}
			"R_Shoulde_Pad"
			{
				"0.988686", "0.132677", "-0.070019", "0.000000",
				"-0.149755", "0.900500", "-0.408255", "0.000000",
				"0.008886", "0.414121", "0.910179", "0.000000",
				"14.697386", "-12.945477", "26.482727", "1.000000"
			}
		}
	},
	{"34"
		{
			{"33"}
			"R_Shoulde_Pad_end"
			{
				"1.000000", "-0.000000", "0.000000", "0.000000",
				"0.000000", "1.000000", "0.000000", "0.000000",
				"0.000000", "0.000000", "1.000000", "0.000000",
				"0.000000", "0.000000", "25.583744", "1.000000"
			}
		}
	},
	{"35"
		{
			{"3"}
			"L_Clavicle"
			{
				"-0.577348", "-0.805500", "-0.133585", "0.000000",
				"-0.251527", "0.019808", "0.967647", "0.000000",
				"-0.776792", "0.592268", "-0.214040", "0.000000",
				"-5.075985", "3.147486", "7.861455", "1.000000"
			}
		}
	},
	{"36"
		{
			{"35"}
			"L_Shoulder"
			{
				"0.592797", "-0.669525", "0.447587", "0.000000",
				"0.081238", "0.602640", "0.793867", "0.000000",
				"-0.801246", "-0.434239", "0.411633", "0.000000",
				"11.419548", "2.544963", "23.002026", "1.000000"
			}
		}
	},
	{"37"
		{
			{"36"}
			"L_Elbow"
			{
				"0.759612", "-0.000028", "0.650380", "0.000000",
				"0.000053", "1.000000", "-0.000019", "0.000000",
				"-0.650379", "0.000049", "0.759610", "0.000000",
				"-0.000639", "0.000549", "38.369896", "1.000000"
			}
		}
	},
	{"38"
		{
			{"37"}
			"L_Hand"
			{
				"0.996391", "0.084231", "-0.010799", "0.000000",
				"-0.081873", "0.986597", "0.141147", "0.000000",
				"0.022544", "-0.139753", "0.989930", "0.000000",
				"-0.000586", "0.000815", "37.704651", "1.000000"
			}
		}
	},
	{"39"
		{
			{"38"}
			"L_Thumb1"
			{
				"0.125136", "0.745137", "0.655071", "0.000000",
				"-0.780346", "0.481665", "-0.398822", "0.000000",
				"-0.612700", "-0.461273", "0.641736", "0.000000",
				"-8.072665", "-3.810919", "5.522698", "1.000000"
			}
		}
	},
	{"40"
		{
			{"39"}
			"L_Thumb2"
			{
				"1.000003", "-0.000023", "-0.000057", "0.000000",
				"0.000056", "0.696117", "0.717928", "0.000000",
				"0.000023", "-0.717928", "0.696117", "0.000000",
				"-0.000588", "0.000713", "9.607493", "1.000000"
			}
		}
	},
	{"41"
		{
			{"40"}
			"L_Thumb2_end"
			{
				"1.000000", "-0.000000", "0.000000", "0.000000",
				"0.000000", "1.000000", "0.000000", "0.000000",
				"0.000000", "0.000000", "1.000000", "0.000000",
				"0.000000", "0.000000", "9.608170", "1.000000"
			}
		}
	},
	{"42"
		{
			{"38"}
			"L_Index1"
			{
				"0.991936", "0.059671", "0.111836", "0.000000",
				"-0.073660", "0.989361", "0.125455", "0.000000",
				"-0.103160", "-0.132680", "0.985776", "0.000000",
				"-5.901814", "-1.923836", "17.949055", "1.000000"
			}
		}
	},
	{"43"
		{
			{"42"}
			"L_Index2"
			{
				"1.000003", "-0.000031", "-0.000053", "0.000000",
				"0.000053", "0.869676", "0.493622", "0.000000",
				"0.000031", "-0.493622", "0.869676", "0.000000",
				"-0.000610", "0.000706", "7.063327", "1.000000"
			}
		}
	},
	{"44"
		{
			{"43"}
			"L_Index2_end"
			{
				"1.000000", "-0.000000", "0.000000", "0.000000",
				"0.000000", "1.000000", "0.000000", "0.000000",
				"0.000000", "0.000000", "1.000000", "0.000000",
				"0.000000", "0.000000", "7.063927", "1.000000"
			}
		}
	},
	{"45"
		{
			{"38"}
			"L_Middle1"
			{
				"0.990901", "0.058811", "-0.121089", "0.000000",
				"0.003326", "0.888551", "0.458767", "0.000000",
				"0.134574", "-0.454994", "0.880267", "0.000000",
				"0.154345", "-2.327524", "17.350704", "1.000000"
			}
		}
	},
	{"46"
		{
			{"45"}
			"L_Middle2"
			{
				"1.000003", "-0.000034", "-0.000051", "0.000000",
				"0.000051", "0.927233", "0.374484", "0.000000",
				"0.000034", "-0.374484", "0.927233", "0.000000",
				"-0.000599", "0.000683", "7.346025", "1.000000"
			}
		}
	},
	{"47"
		{
			{"46"}
			"L_Middle2_end"
			{
				"1.000000", "-0.000000", "0.000000", "0.000000",
				"0.000000", "1.000000", "0.000000", "0.000000",
				"0.000000", "0.000000", "1.000000", "0.000000",
				"0.000000", "0.000000", "7.346092", "1.000000"
			}
		}
	},
	{"48"
		{
			{"38"}
			"L_Ring1"
			{
				"0.942907", "0.021808", "-0.332349", "0.000000",
				"0.294465", "0.411685", "0.862442", "0.000000",
				"0.155631", "-0.911066", "0.381758", "0.000000",
				"5.733894", "-1.698508", "16.040937", "1.000000"
			}
		}
	},
	{"49"
		{
			{"48"}
			"L_Ring2"
			{
				"1.000003", "-0.000033", "-0.000051", "0.000000",
				"0.000051", "0.918071", "0.396417", "0.000000",
				"0.000034", "-0.396417", "0.918071", "0.000000",
				"-0.000589", "0.000759", "6.792402", "1.000000"
			}
		}
	},
	{"50"
		{
			{"49"}
			"L_Ring2_end"
			{
				"1.000000", "-0.000000", "0.000000", "0.000000",
				"0.000000", "1.000000", "0.000000", "0.000000",
				"0.000000", "0.000000", "1.000000", "0.000000",
				"0.000000", "0.000000", "6.792457", "1.000000"
			}
		}
	},
	{"51"
		{
			{"38"}
			"L_Pinky1"
			{
				"0.907779", "0.100978", "-0.407119", "0.000000",
				"0.418013", "-0.137407", "0.897989", "0.000000",
				"0.034736", "-0.985354", "-0.166944", "0.000000",
				"10.104234", "-3.655982", "13.178759", "1.000000"
			}
		}
	},
	{"52"
		{
			{"51"}
			"L_Pinky2"
			{
				"1.000003", "-0.000034", "-0.000051", "0.000000",
				"0.000051", "0.918071", "0.396417", "0.000000",
				"0.000033", "-0.396417", "0.918070", "0.000000",
				"-0.000577", "0.000730", "5.774769", "1.000000"
			}
		}
	},
	{"53"
		{
			{"52"}
			"L_Pinky2_end"
			{
				"1.000000", "-0.000000", "0.000000", "0.000000",
				"0.000000", "1.000000", "0.000000", "0.000000",
				"0.000000", "0.000000", "1.000000", "0.000000",
				"0.000000", "0.000000", "5.775728", "1.000000"
			}
		}
	},
	{"54"
		{
			{"38"}
			"L_Buffbone_Glb_Hand_Loc"
			{
				"-1.000003", "0.000060", "-0.000001", "0.000000",
				"-0.000001", "0.000005", "1.000000", "0.000000",
				"0.000060", "1.000000", "-0.000005", "0.000000",
				"-0.000593", "0.000722", "0.000909", "1.000000"
			}
		}
	},
	{"55"
		{
			{"54"}
			"L_Buffbone_Glb_Hand_Loc_end"
			{
				"1.000000", "-0.000000", "0.000000", "0.000000",
				"0.000000", "1.000000", "0.000000", "0.000000",
				"0.000000", "0.000000", "1.000000", "0.000000",
				"0.000000", "0.000000", "0.418720", "1.000000"
			}
		}
	},
	{"56"
		{
			{"35"}
			"L_Shoulde_Pad"
			{
				"0.980234", "-0.080016", "0.180954", "0.000000",
				"-0.016289", "0.878834", "0.476850", "0.000000",
				"-0.197184", "-0.470371", "0.860157", "0.000000",
				"11.231001", "22.385492", "27.684036", "1.000000"
			}
		}
	},
	{"57"
		{
			{"56"}
			"L_Shoulde_Pad_end"
			{
				"1.000000", "-0.000000", "0.000000", "0.000000",
				"0.000000", "1.000000", "0.000000", "0.000000",
				"0.000000", "0.000000", "1.000000", "0.000000",
				"0.000000", "0.000000", "25.583872", "1.000000"
			}
		}
	},
	{"58"
		{
			{"3"}
			"Scarf1"
			{
				"0.990282", "-0.072153", "0.118918", "0.000000",
				"-0.087814", "-0.987324", "0.132214", "0.000000",
				"0.107870", "-0.141371", "-0.984062", "0.000000",
				"-15.611089", "-35.273403", "32.588615", "1.000000"
			}
		}
	},
	{"59"
		{
			{"58"}
			"Scarf2"
			{
				"0.871226", "0.483489", "0.084902", "0.000000",
				"-0.489113", "0.840310", "0.233766", "0.000000",
				"0.041679", "-0.245190", "0.968579", "0.000000",
				"-0.694403", "-0.575477", "39.046124", "1.000000"
			}
		}
	},
	{"60"
		{
			{"59"}
			"Scarf3"
			{
				"0.764577", "-0.643266", "0.040457", "0.000000",
				"0.627347", "0.728318", "-0.275660", "0.000000",
				"0.147857", "0.236144", "0.960403", "0.000000",
				"-3.457705", "0.266621", "34.455345", "1.000000"
			}
		}
	},
	{"61"
		{
			{"60"}
			"Scarf3_end"
			{
				"1.000000", "-0.000000", "0.000000", "0.000000",
				"0.000000", "1.000000", "0.000000", "0.000000",
				"0.000000", "0.000000", "1.000000", "0.000000",
				"0.000000", "0.000000", "32.024158", "1.000000"
			}
		}
	},
	{"62"
		{
			{"3"}
			"C_Buffbone_Glb_Chest_Loc"
			{
				"1.000000", "0.000043", "-0.000043", "0.000000",
				"-0.000043", "1.000003", "0.000043", "0.000000",
				"0.000043", "-0.000043", "1.000000", "0.000000",
				"-0.000921", "0.000595", "0.000684", "1.000000"
			}
		}
	},
	{"63"
		{
			{"62"}
			"C_Buffbone_Glb_Chest_Loc_end"
			{
				"1.000000", "-0.000000", "0.000000", "0.000000",
				"0.000000", "1.000000", "0.000000", "0.000000",
				"0.000000", "0.000000", "1.000000", "0.000000",
				"0.000000", "0.000000", "9.367935", "1.000000"
			}
		}
	},
	{"64"
		{
			{"0"}
			"Pelvis"
			{
				"0.999971", "-0.006766", "0.003654", "0.000000",
				"0.006167", "0.989482", "0.144547", "0.000000",
				"-0.004594", "-0.144520", "0.989491", "0.000000",
				"-0.059767", "-1.414814", "9.585032", "1.000000"
			}
		}
	},
	{"65"
		{
			{"64"}
			"R_Hip"
			{
				"0.873938", "0.110445", "-0.473329", "0.000000",
				"-0.154433", "0.986474", "-0.054959", "0.000000",
				"0.460855", "0.121128", "0.879170", "0.000000",
				"14.828236", "1.012974", "8.227635", "1.000000"
			}
		}
	},
	{"66"
		{
			{"65"}
			"R_KneeUpper"
			{
				"1.000003", "0.000043", "-0.000043", "0.000000",
				"-0.000043", "1.000000", "0.000043", "0.000000",
				"0.000043", "-0.000043", "1.000000", "0.000000",
				"0.000587", "0.000715", "49.936378", "1.000000"
			}
		}
	},
	{"67"
		{
			{"66"}
			"R_KneeLower"
			{
				"1.000003", "0.000028", "-0.000054", "0.000000",
				"-0.000054", "0.810653", "-0.585527", "0.000000",
				"0.000027", "0.585527", "0.810653", "0.000000",
				"0.000596", "0.000718", "-0.000926", "1.000000"
			}
		}
	},
	{"68"
		{
			{"67"}
			"R_Foot"
			{
				"-0.227167", "-0.330205", "0.916166", "0.000000",
				"-0.973259", "0.043975", "-0.225475", "0.000000",
				"0.034164", "-0.942884", "-0.331363", "0.000000",
				"0.000606", "0.000727", "40.010715", "1.000000"
			}
		}
	},
	{"69"
		{
			{"68"}
			"R_Toe"
			{
				"0.524226", "-0.044336", "0.850424", "0.000000",
				"-0.216949", "0.958742", "0.183716", "0.000000",
				"-0.823481", "-0.280807", "0.492978", "0.000000",
				"8.968255", "-0.001276", "16.982204", "1.000000"
			}
		}
	},
	{"70"
		{
			{"69"}
			"R_Toe_end"
			{
				"1.000000", "-0.000000", "0.000000", "0.000000",
				"0.000000", "1.000000", "0.000000", "0.000000",
				"0.000000", "0.000000", "1.000000", "0.000000",
				"0.000000", "0.000000", "0.015871", "1.000000"
			}
		}
	},
	{"71"
		{
			{"68"}
			"R_Buffbone_Glb_Foot_Loc"
			{
				"0.000017", "1.000000", "0.000109", "0.000000",
				"-0.000407", "-0.000109", "1.000003", "0.000000",
				"1.000000", "-0.000017", "0.000407", "0.000000",
				"-0.000925", "-0.000601", "-0.000717", "1.000000"
			}
		}
	},
	{"72"
		{
			{"71"}
			"R_Buffbone_Glb_Foot_Loc_end"
			{
				"1.000000", "-0.000000", "0.000000", "0.000000",
				"0.000000", "1.000000", "0.000000", "0.000000",
				"0.000000", "0.000000", "1.000000", "0.000000",
				"0.000000", "0.000000", "0.015871", "1.000000"
			}
		}
	},
	{"73"
		{
			{"64"}
			"L_Hip"
			{
				"-0.887103", "-0.026995", "-0.460788", "0.000000",
				"0.040989", "-0.998951", "-0.020389", "0.000000",
				"-0.459753", "-0.036974", "0.887277", "0.000000",
				"-14.719408", "1.012973", "8.421074", "1.000000"
			}
		}
	},
	{"74"
		{
			{"73"}
			"L_KneeUpper"
			{
				"1.000003", "-0.000043", "-0.000043", "0.000000",
				"0.000043", "1.000000", "-0.000044", "0.000000",
				"0.000043", "0.000044", "1.000000", "0.000000",
				"-0.000587", "0.000737", "49.609684", "1.000000"
			}
		}
	},
	{"75"
		{
			{"74"}
			"L_KneeLower"
			{
				"1.000003", "-0.000023", "-0.000057", "0.000000",
				"0.000057", "0.686794", "0.726852", "0.000000",
				"0.000023", "-0.726852", "0.686794", "0.000000",
				"-0.000592", "0.000720", "0.000926", "1.000000"
			}
		}
	},
	{"76"
		{
			{"75"}
			"L_Foot"
			{
				"0.416056", "-0.139132", "-0.898632", "0.000000",
				"-0.820752", "0.368000", "-0.436975", "0.000000",
				"0.391493", "0.919358", "0.038915", "0.000000",
				"-0.000601", "0.000729", "40.010197", "1.000000"
			}
		}
	},
	{"77"
		{
			{"76"}
			"L_Toe"
			{
				"0.565074", "0.001952", "-0.825038", "0.000000",
				"0.130749", "0.987151", "0.091887", "0.000000",
				"0.814614", "-0.159795", "0.557557", "0.000000",
				"-8.967731", "-0.000101", "16.978958", "1.000000"
			}
		}
	},
	{"78"
		{
			{"77"}
			"L_Toe_end"
			{
				"1.000000", "-0.000000", "0.000000", "0.000000",
				"0.000000", "1.000000", "0.000000", "0.000000",
				"0.000000", "0.000000", "1.000000", "0.000000",
				"0.000000", "0.000000", "0.015876", "1.000000"
			}
		}
	},
	{"79"
		{
			{"76"}
			"L_Buffbone_Glb_Foot_Loc"
			{
				"-0.000067", "-1.000000", "-0.000061", "0.000000",
				"0.000041", "0.000061", "-1.000003", "0.000000",
				"1.000000", "-0.000067", "0.000041", "0.000000",
				"-0.000923", "0.000599", "0.000722", "1.000000"
			}
		}
	},
	{"80"
		{
			{"79"}
			"L_Buffbone_Glb_Foot_Loc_end"
			{
				"1.000000", "-0.000000", "0.000000", "0.000000",
				"0.000000", "1.000000", "0.000000", "0.000000",
				"0.000000", "0.000000", "1.000000", "0.000000",
				"0.000000", "0.000000", "0.015875", "1.000000"
			}
		}
	},
	{"81"
		{
			{"64"}
			"Cloth_Front1"
			{
				"-0.974069", "0.224457", "-0.028526", "0.000000",
				"-0.225907", "-0.971837", "0.067068", "0.000000",
				"-0.012669", "0.071773", "0.997341", "0.000000",
				"0.019235", "-16.822208", "2.331300", "1.000000"
			}
		}
	},
	{"82"
		{
			{"81"}
			"Cloth_Front2"
			{
				"0.979519", "0.189800", "0.067265", "0.000000",
				"-0.198680", "0.965316", "0.169383", "0.000000",
				"-0.032782", "-0.179278", "0.983252", "0.000000",
				"0.104741", "0.137162", "28.110134", "1.000000"
			}
		}
	},
	{"83"
		{
			{"82"}
			"Cloth_Front2_end"
			{
				"1.000000", "-0.000000", "0.000000", "0.000000",
				"0.000000", "1.000000", "0.000000", "0.000000",
				"0.000000", "0.000000", "1.000000", "0.000000",
				"0.000000", "0.000000", "28.103718", "1.000000"
			}
		}
	},
	{"84"
		{
			{"64"}
			"Cloth_Back1"
			{
				"-0.922832", "0.383666", "-0.034459", "0.000000",
				"-0.344366", "-0.781588", "0.520126", "0.000000",
				"0.172622", "0.491854", "0.853394", "0.000000",
				"-0.054952", "25.104824", "3.858394", "1.000000"
			}
		}
	},
	{"85"
		{
			{"84"}
			"Cloth_Back2"
			{
				"0.999841", "0.008817", "-0.015645", "0.000000",
				"-0.008135", "0.999034", "0.043184", "0.000000",
				"0.016010", "-0.043049", "0.998945", "0.000000",
				"0.100428", "-0.242134", "23.600769", "1.000000"
			}
		}
	},
	{"86"
		{
			{"85"}
			"Cloth_Back3"
			{
				"0.999778", "0.012241", "-0.017302", "0.000000",
				"-0.010086", "0.992778", "0.119543", "0.000000",
				"0.018640", "-0.119342", "0.992678", "0.000000",
				"0.100430", "-0.247024", "23.578629", "1.000000"
			}
		}
	},
	{"87"
		{
			{"86"}
			"Cloth_Back3_end"
			{
				"1.000000", "-0.000000", "0.000000", "0.000000",
				"0.000000", "1.000000", "0.000000", "0.000000",
				"0.000000", "0.000000", "1.000000", "0.000000",
				"0.000000", "0.000000", "23.637133", "1.000000"
			}
		}
	},
	{"88"
		{
			{"-1"}
			"Buffbone_Glb_Channel_Loc"
			{
				"-1.000000", "-0.000061", "0.000000", "0.000000",
				"-0.000000", "-0.000000", "-1.000000", "0.000000",
				"0.000061", "-1.000003", "0.000000", "0.000000",
				"-0.000923", "145.622711", "-74.412491", "1.000000"
			}
		}
	},
	{"89"
		{
			{"88"}
			"Buffbone_Glb_Channel_Loc_end"
			{
				"1.000000", "-0.000000", "0.000000", "0.000000",
				"0.000000", "1.000000", "0.000000", "0.000000",
				"0.000000", "0.000000", "1.000000", "0.000000",
				"0.000000", "0.000000", "163.534073", "1.000000"
			}
		}
	},
	{"90"
		{
			{"-1"}
			"Buffbone_Glb_Ground_Loc"
			{
				"-1.000000", "-0.000043", "-0.000043", "0.000000",
				"-0.000043", "1.000000", "0.000043", "0.000000",
				"0.000043", "0.000043", "-1.000003", "0.000000",
				"-0.000923", "0.000719", "3.229580", "1.000000"
			}
		}
	},
	{"91"
		{
			{"90"}
			"Buffbone_Glb_Ground_Loc_end"
			{
				"1.000000", "-0.000000", "0.000000", "0.000000",
				"0.000000", "1.000000", "0.000000", "0.000000",
				"0.000000", "0.000000", "1.000000", "0.000000",
				"0.000000", "0.000000", "3.230011", "1.000000"
			}
		}
	},
	{"92"
		{
			{"-1"}
			"C_Buffbone_Glb_Center_Loc"
			{
				"-1.000000", "-0.000043", "-0.000043", "0.000000",
				"-0.000043", "1.000000", "0.000043", "0.000000",
				"0.000043", "0.000043", "-1.000003", "0.000000",
				"-0.000923", "115.087257", "3.229580", "1.000000"
			}
		}
	},
	{"93"
		{
			{"92"}
			"C_Buffbone_Glb_Center_Loc_end"
			{
				"1.000000", "-0.000000", "0.000000", "0.000000",
				"0.000000", "1.000000", "0.000000", "0.000000",
				"0.000000", "0.000000", "1.000000", "0.000000",
				"0.000000", "0.000000", "115.133018", "1.000000"
			}
		}
	},
	{"94"
		{
			{"-1"}
			"C_Buffbone_Glb_Layout_Loc"
			{
				"-1.000000", "-0.000043", "-0.000043", "0.000000",
				"-0.000043", "1.000000", "0.000043", "0.000000",
				"0.000043", "0.000043", "-1.000003", "0.000000",
				"-0.000923", "0.000719", "6.158293", "1.000000"
			}
		}
	},
	{"95"
		{
			{"94"}
			"C_Buffbone_Glb_Layout_Loc_end"
			{
				"1.000000", "-0.000000", "0.000000", "0.000000",
				"0.000000", "1.000000", "0.000000", "0.000000",
				"0.000000", "0.000000", "1.000000", "0.000000",
				"0.000000", "0.000000", "6.158003", "1.000000"
			}
		}
	},
	{"96"
		{
			{"-1"}
			"C_Buffbone_Glb_Overhead_Loc"
			{
				"-1.000000", "-0.000043", "-0.000043", "0.000000",
				"-0.000043", "1.000000", "0.000043", "0.000000",
				"0.000043", "0.000043", "-1.000003", "0.000000",
				"-0.000923", "277.734924", "1.676804", "1.000000"
			}
		}
	},
	{"97"
		{
			{"96"}
			"C_Buffbone_Glb_Overhead_Loc_end"
			{
				"1.000000", "-0.000000", "0.000000", "0.000000",
				"0.000000", "1.000000", "0.000000", "0.000000",
				"0.000000", "0.000000", "1.000000", "0.000000",
				"0.000000", "0.000000", "277.740051", "1.000000"
			}
		}
	},
	{"98"
		{
			{"27"}
			"WeaponEnd"
			{
				"1.000000", "0.000000", "0.000000", "0.000000",
				"0.000000", "1.000000", "0.000000", "0.000000",
				"0.000000", "0.000000", "1.000000", "0.000000",
				"0.000000", "200.000000", "0.000000", "1.000000"
			}
		}
	},
]
