[
	{"173"}
	{"0"
		{
			{"-1"}
			"Root_Upper"
			{
				"1.000000", "-0.000043", "-0.000043", "0.000000",
				"0.000043", "1.000000", "0.000043", "0.000000",
				"0.000043", "-0.000043", "1.000000", "0.000000",
				"-10.117945", "125.533783", "21.253134", "1.000000"
			}
		}
	},
	{"1"
		{
			{"0"}
			"Root"
			{
				"0.293175", "-0.009179", "-0.956015", "0.000000",
				"-0.934026", "-0.216189", "-0.284356", "0.000000",
				"-0.204070", "0.976308", "-0.071955", "0.000000",
				"-2.698556", "-0.428416", "0.333567", "1.000000"
			}
		}
	},
	{"2"
		{
			{"1"}
			"Spine1"
			{
				"0.999983", "0.005732", "-0.000078", "0.000000",
				"-0.005732", "0.999983", "-0.000775", "0.000000",
				"0.000073", "0.000775", "1.000000", "0.000000",
				"-0.004251", "-0.199259", "8.276937", "1.000000"
			}
		}
	},
	{"3"
		{
			{"2"}
			"Spine2"
			{
				"0.995034", "0.030466", "0.094760", "0.000000",
				"-0.014378", "0.986015", "-0.166036", "0.000000",
				"-0.098493", "0.163849", "0.981556", "0.000000",
				"-0.177212", "-0.779941", "9.120382", "1.000000"
			}
		}
	},
	{"4"
		{
			{"3"}
			"Spine3"
			{
				"0.991690", "0.014062", "0.127881", "0.000000",
				"0.017007", "0.970955", "-0.238655", "0.000000",
				"-0.127523", "0.238847", "0.962647", "0.000000",
				"-0.415057", "-0.492362", "8.128256", "1.000000"
			}
		}
	},
	{"5"
		{
			{"4"}
			"M_Cape_Front1"
			{
				"0.272975", "-0.961367", "-0.035470", "0.000000",
				"-0.857254", "-0.226350", "-0.462472", "0.000000",
				"0.436577", "0.156650", "-0.885924", "0.000000",
				"-8.459433", "13.788395", "20.730082", "1.000000"
			}
		}
	},
	{"6"
		{
			{"5"}
			"M_Cape_Front2"
			{
				"1.000000", "0.000043", "-0.000043", "0.000000",
				"-0.000043", "1.000000", "0.000044", "0.000000",
				"0.000043", "-0.000044", "1.000000", "0.000000",
				"-0.002694", "-0.000473", "24.276609", "1.000000"
			}
		}
	},
	{"7"
		{
			{"6"}
			"M_Cape_Front2_end"
			{
				"1.000000", "-0.000000", "0.000000", "0.000000",
				"0.000000", "1.000000", "0.000000", "0.000000",
				"0.000000", "0.000000", "1.000000", "0.000000",
				"0.000000", "0.000000", "24.279202", "1.000000"
			}
		}
	},
	{"8"
		{
			{"4"}
			"M_Cape_Back1"
			{
				"-0.091631", "-0.900846", "0.424359", "0.000000",
				"-0.994928", "0.065059", "-0.076723", "0.000000",
				"0.041507", "-0.429237", "-0.902238", "0.000000",
				"-6.596834", "-17.780529", "25.261618", "1.000000"
			}
		}
	},
	{"9"
		{
			{"8"}
			"M_Cape_Back2"
			{
				"0.999057", "-0.025497", "0.035146", "0.000000",
				"0.025678", "0.999659", "-0.004686", "0.000000",
				"-0.035015", "0.005584", "0.999371", "0.000000",
				"-0.852565", "0.191629", "24.412010", "1.000000"
			}
		}
	},
	{"10"
		{
			{"9"}
			"M_Cape_Back2_end"
			{
				"1.000000", "-0.000000", "0.000000", "0.000000",
				"0.000000", "1.000000", "0.000000", "0.000000",
				"0.000000", "0.000000", "1.000000", "0.000000",
				"0.000000", "0.000000", "24.487818", "1.000000"
			}
		}
	},
	{"11"
		{
			{"4"}
			"Collar_Front"
			{
				"0.853367", "-0.519754", "-0.040252", "0.000000",
				"0.395872", "0.696333", "-0.598670", "0.000000",
				"0.339190", "0.494951", "0.799984", "0.000000",
				"0.764266", "12.398819", "23.718317", "1.000000"
			}
		}
	},
	{"12"
		{
			{"11"}
			"Collar_Front_end"
			{
				"1.000000", "-0.000000", "0.000000", "0.000000",
				"0.000000", "1.000000", "0.000000", "0.000000",
				"0.000000", "0.000000", "1.000000", "0.000000",
				"0.000000", "0.000000", "17.235464", "1.000000"
			}
		}
	},
	{"13"
		{
			{"4"}
			"C_Buffbone_Glb_Chest_Loc"
			{
				"1.000000", "0.000043", "-0.000043", "0.000000",
				"-0.000043", "1.000000", "0.000043", "0.000000",
				"0.000043", "-0.000043", "1.000000", "0.000000",
				"0.000321", "-0.002725", "-0.000509", "1.000000"
			}
		}
	},
	{"14"
		{
			{"13"}
			"C_Buffbone_Glb_Chest_Loc_end"
			{
				"1.000000", "-0.000000", "0.000000", "0.000000",
				"0.000000", "1.000000", "0.000000", "0.000000",
				"0.000000", "0.000000", "1.000000", "0.000000",
				"0.000000", "0.000000", "17.235458", "1.000000"
			}
		}
	},
	{"15"
		{
			{"4"}
			"L_Collar"
			{
				"-0.042471", "-0.678798", "0.733095", "0.000000",
				"-0.960026", "0.230918", "0.158197", "0.000000",
				"-0.276669", "-0.697072", "-0.661472", "0.000000",
				"-9.831206", "3.840959", "30.891535", "1.000000"
			}
		}
	},
	{"16"
		{
			{"15"}
			"L_Collar_end"
			{
				"1.000000", "-0.000000", "0.000000", "0.000000",
				"0.000000", "1.000000", "0.000000", "0.000000",
				"0.000000", "0.000000", "1.000000", "0.000000",
				"0.000000", "0.000000", "17.235458", "1.000000"
			}
		}
	},
	{"17"
		{
			{"4"}
			"R_Collar"
			{
				"0.377400", "0.536672", "-0.754687", "0.000000",
				"-0.883762", "0.452183", "-0.120392", "0.000000",
				"0.276646", "0.712400", "0.644944", "0.000000",
				"11.834171", "-1.950004", "30.105009", "1.000000"
			}
		}
	},
	{"18"
		{
			{"17"}
			"R_Collar_end"
			{
				"1.000000", "-0.000000", "0.000000", "0.000000",
				"0.000000", "1.000000", "0.000000", "0.000000",
				"0.000000", "0.000000", "1.000000", "0.000000",
				"0.000000", "0.000000", "17.235460", "1.000000"
			}
		}
	},
	{"19"
		{
			{"4"}
			"Collar_Back"
			{
				"0.719669", "-0.625802", "-0.300744", "0.000000",
				"0.693243", "0.671733", "0.261132", "0.000000",
				"0.038603", "-0.396417", "0.917258", "0.000000",
				"-3.583641", "-9.317553", "30.677927", "1.000000"
			}
		}
	},
	{"20"
		{
			{"19"}
			"Collar_Back_end"
			{
				"1.000000", "-0.000000", "0.000000", "0.000000",
				"0.000000", "1.000000", "0.000000", "0.000000",
				"0.000000", "0.000000", "1.000000", "0.000000",
				"0.000000", "0.000000", "17.235458", "1.000000"
			}
		}
	},
	{"21"
		{
			{"4"}
			"L_Clavicle"
			{
				"0.142346", "-0.989817", "-0.000046", "0.000000",
				"0.000046", "-0.000040", "1.000000", "0.000000",
				"-0.989817", "-0.142346", "0.000039", "0.000000",
				"-3.126557", "3.727817", "16.534969", "1.000000"
			}
		}
	},
	{"22"
		{
			{"21"}
			"L_Shoulder"
			{
				"0.777036", "0.599428", "-0.192096", "0.000000",
				"-0.110421", "0.430252", "0.895930", "0.000000",
				"0.619695", "-0.674959", "0.400511", "0.000000",
				"5.957796", "3.070140", "19.250051", "1.000000"
			}
		}
	},
	{"23"
		{
			{"22"}
			"L_Shoulder_Pauldron4"
			{
				"0.484460", "-0.874813", "-0.000019", "0.000000",
				"0.874813", "0.484460", "-0.000053", "0.000000",
				"0.000056", "0.000010", "1.000000", "0.000000",
				"0.002704", "-0.000611", "38.869850", "1.000000"
			}
		}
	},
	{"24"
		{
			{"23"}
			"L_Shoulder_Pauldron4_end"
			{
				"1.000000", "-0.000000", "0.000000", "0.000000",
				"0.000000", "1.000000", "0.000000", "0.000000",
				"0.000000", "0.000000", "1.000000", "0.000000",
				"0.000000", "0.000000", "20.165899", "1.000000"
			}
		}
	},
	{"25"
		{
			{"22"}
			"L_Shoulder_Pauldron3"
			{
				"0.484462", "-0.874812", "-0.000019", "0.000000",
				"0.874812", "0.484462", "-0.000046", "0.000000",
				"0.000050", "0.000006", "1.000000", "0.000000",
				"0.002679", "-0.000603", "34.182144", "1.000000"
			}
		}
	},
	{"26"
		{
			{"25"}
			"L_Shoulder_Pauldron3_end"
			{
				"1.000000", "-0.000000", "0.000000", "0.000000",
				"0.000000", "1.000000", "0.000000", "0.000000",
				"0.000000", "0.000000", "1.000000", "0.000000",
				"0.000000", "0.000000", "20.165905", "1.000000"
			}
		}
	},
	{"27"
		{
			{"22"}
			"L_Shoulder_Pauldron2"
			{
				"0.484327", "-0.874887", "0.000799", "0.000000",
				"0.874860", "0.484318", "0.007507", "0.000000",
				"-0.006955", "-0.002937", "0.999972", "0.000000",
				"0.002699", "-0.000582", "27.189569", "1.000000"
			}
		}
	},
	{"28"
		{
			{"27"}
			"L_Shoulder_Pauldron2_end"
			{
				"1.000000", "-0.000000", "0.000000", "0.000000",
				"0.000000", "1.000000", "0.000000", "0.000000",
				"0.000000", "0.000000", "1.000000", "0.000000",
				"0.000000", "0.000000", "20.165892", "1.000000"
			}
		}
	},
	{"29"
		{
			{"22"}
			"L_Shoulder_Pauldron1"
			{
				"0.484849", "-0.874598", "-0.000449", "0.000000",
				"0.874590", "0.484847", "-0.003860", "0.000000",
				"0.003594", "0.001479", "0.999993", "0.000000",
				"0.002692", "-0.000562", "20.087715", "1.000000"
			}
		}
	},
	{"30"
		{
			{"29"}
			"L_Shoulder_Pauldron1_end"
			{
				"1.000000", "-0.000000", "0.000000", "0.000000",
				"0.000000", "1.000000", "0.000000", "0.000000",
				"0.000000", "0.000000", "1.000000", "0.000000",
				"0.000000", "0.000000", "20.165892", "1.000000"
			}
		}
	},
	{"31"
		{
			{"22"}
			"L_Elbow"
			{
				"-0.003115", "0.024107", "0.999704", "0.000000",
				"0.003174", "0.999705", "-0.024097", "0.000000",
				"-0.999990", "0.003098", "-0.003190", "0.000000",
				"0.002696", "-0.000617", "39.733521", "1.000000"
			}
		}
	},
	{"32"
		{
			{"31"}
			"L_Hand"
			{
				"0.859724", "0.465924", "-0.209258", "0.000000",
				"-0.502182", "0.845853", "-0.179851", "0.000000",
				"0.093205", "0.259708", "0.961179", "0.000000",
				"0.002730", "-0.000538", "29.879417", "1.000000"
			}
		}
	},
	{"33"
		{
			{"32"}
			"L_Buffbone_Glb_Hand_Loc"
			{
				"-1.000000", "0.000062", "-0.000002", "0.000000",
				"-0.000002", "0.000003", "1.000000", "0.000000",
				"0.000062", "1.000000", "-0.000003", "0.000000",
				"0.002714", "-0.000502", "-0.000335", "1.000000"
			}
		}
	},
	{"34"
		{
			{"33"}
			"L_Buffbone_Glb_Hand_Loc_end"
			{
				"1.000000", "-0.000000", "0.000000", "0.000000",
				"0.000000", "1.000000", "0.000000", "0.000000",
				"0.000000", "0.000000", "1.000000", "0.000000",
				"0.000000", "0.000000", "0.542147", "1.000000"
			}
		}
	},
	{"35"
		{
			{"32"}
			"L_Pinky1"
			{
				"0.870965", "-0.152127", "-0.467202", "0.000000",
				"0.453803", "0.613598", "0.646190", "0.000000",
				"0.188371", "-0.774826", "0.603458", "0.000000",
				"5.926545", "-1.663111", "10.946384", "1.000000"
			}
		}
	},
	{"36"
		{
			{"35"}
			"L_Pinky2"
			{
				"1.000000", "-0.000034", "-0.000051", "0.000000",
				"0.000051", "0.920253", "0.391323", "0.000000",
				"0.000034", "-0.391323", "0.920253", "0.000000",
				"0.002705", "-0.000502", "4.385643", "1.000000"
			}
		}
	},
	{"37"
		{
			{"36"}
			"L_Pinky2_end"
			{
				"1.000000", "-0.000000", "0.000000", "0.000000",
				"0.000000", "1.000000", "0.000000", "0.000000",
				"0.000000", "0.000000", "1.000000", "0.000000",
				"0.000000", "0.000000", "4.384793", "1.000000"
			}
		}
	},
	{"38"
		{
			{"32"}
			"L_Ring1"
			{
				"0.941590", "-0.061149", "-0.331164", "0.000000",
				"0.287195", "0.659344", "0.694827", "0.000000",
				"0.175863", "-0.749351", "0.638393", "0.000000",
				"3.483254", "-1.158524", "12.845421", "1.000000"
			}
		}
	},
	{"39"
		{
			{"38"}
			"L_Ring2"
			{
				"1.000000", "-0.000034", "-0.000051", "0.000000",
				"0.000051", "0.920253", "0.391323", "0.000000",
				"0.000034", "-0.391323", "0.920253", "0.000000",
				"0.002728", "-0.000505", "4.791435", "1.000000"
			}
		}
	},
	{"40"
		{
			{"39"}
			"L_Ring2_end"
			{
				"1.000000", "-0.000000", "0.000000", "0.000000",
				"0.000000", "1.000000", "0.000000", "0.000000",
				"0.000000", "0.000000", "1.000000", "0.000000",
				"0.000000", "0.000000", "4.789861", "1.000000"
			}
		}
	},
	{"41"
		{
			{"32"}
			"L_Middle1"
			{
				"0.971859", "-0.051485", "-0.229867", "0.000000",
				"0.170738", "0.826251", "0.536803", "0.000000",
				"0.162290", "-0.560944", "0.811790", "0.000000",
				"0.127657", "-0.870207", "13.344878", "1.000000"
			}
		}
	},
	{"42"
		{
			{"41"}
			"L_Middle2"
			{
				"1.000000", "-0.000034", "-0.000051", "0.000000",
				"0.000051", "0.920253", "0.391323", "0.000000",
				"0.000034", "-0.391323", "0.920253", "0.000000",
				"0.002710", "-0.000491", "5.691556", "1.000000"
			}
		}
	},
	{"43"
		{
			{"42"}
			"L_Middle2_end"
			{
				"1.000000", "-0.000000", "0.000000", "0.000000",
				"0.000000", "1.000000", "0.000000", "0.000000",
				"0.000000", "0.000000", "1.000000", "0.000000",
				"0.000000", "0.000000", "5.693701", "1.000000"
			}
		}
	},
	{"44"
		{
			{"32"}
			"L_Index1"
			{
				"0.998562", "-0.050261", "0.018628", "0.000000",
				"0.028983", "0.798613", "0.601146", "0.000000",
				"-0.045091", "-0.599742", "0.798922", "0.000000",
				"-3.096719", "-1.019168", "13.469746", "1.000000"
			}
		}
	},
	{"45"
		{
			{"44"}
			"L_Index2"
			{
				"1.000000", "-0.000034", "-0.000051", "0.000000",
				"0.000051", "0.920253", "0.391323", "0.000000",
				"0.000034", "-0.391323", "0.920253", "0.000000",
				"0.002710", "-0.000521", "5.717542", "1.000000"
			}
		}
	},
	{"46"
		{
			{"45"}
			"L_Index2_end"
			{
				"1.000000", "-0.000000", "0.000000", "0.000000",
				"0.000000", "1.000000", "0.000000", "0.000000",
				"0.000000", "0.000000", "1.000000", "0.000000",
				"0.000000", "0.000000", "5.716920", "1.000000"
			}
		}
	},
	{"47"
		{
			{"32"}
			"L_Thumb1"
			{
				"0.045619", "0.748742", "0.661290", "0.000000",
				"-0.222598", "0.652955", "-0.723948", "0.000000",
				"-0.973842", "-0.114176", "0.196456", "0.000000",
				"-4.983838", "-2.042780", "5.218083", "1.000000"
			}
		}
	},
	{"48"
		{
			{"47"}
			"L_Thumb2"
			{
				"1.000000", "-0.000039", "-0.000050", "0.000000",
				"0.000052", "0.957552", "0.288260", "0.000000",
				"0.000037", "-0.288260", "0.957552", "0.000000",
				"0.002715", "-0.000499", "6.112966", "1.000000"
			}
		}
	},
	{"49"
		{
			{"48"}
			"L_Thumb2_end"
			{
				"1.000000", "-0.000000", "0.000000", "0.000000",
				"0.000000", "1.000000", "0.000000", "0.000000",
				"0.000000", "0.000000", "1.000000", "0.000000",
				"0.000000", "0.000000", "6.126621", "1.000000"
			}
		}
	},
	{"50"
		{
			{"32"}
			"Sheath2LHand"
			{
				"0.331452", "0.940690", "-0.072402", "0.000000",
				"-0.690817", "0.189710", "-0.697697", "0.000000",
				"-0.642581", "0.281270", "0.712725", "0.000000",
				"-28.804298", "3.786381", "31.643053", "1.000000"
			}
		}
	},
	{"51"
		{
			{"50"}
			"Sword2LHandSheath"
			{
				"-0.798392", "-0.379831", "0.467225", "0.000000",
				"0.602138", "-0.502617", "0.620327", "0.000000",
				"-0.000784", "0.776598", "0.629996", "0.000000",
				"6.042325", "97.836914", "11.218037", "1.000000"
			}
		}
	},
	{"52"
		{
			{"51"}
			"Sword2LHandSheath_end"
			{
				"1.000000", "-0.000000", "0.000000", "0.000000",
				"0.000000", "1.000000", "0.000000", "0.000000",
				"0.000000", "0.000000", "1.000000", "0.000000",
				"0.000000", "0.000000", "28.125948", "1.000000"
			}
		}
	},
	{"53"
		{
			{"4"}
			"R_Clavicle"
			{
				"0.129239", "-0.989276", "0.068043", "0.000000",
				"0.262977", "-0.031968", "-0.964272", "0.000000",
				"0.956107", "0.142516", "0.256025", "0.000000",
				"3.127213", "3.727818", "16.534969", "1.000000"
			}
		}
	},
	{"54"
		{
			{"53"}
			"R_Cape_Back1"
			{
				"0.856099", "-0.479173", "0.193616", "0.000000",
				"0.223604", "0.005669", "-0.974664", "0.000000",
				"0.465935", "0.877702", "0.111998", "0.000000",
				"19.774206", "-3.195834", "23.923223", "1.000000"
			}
		}
	},
	{"55"
		{
			{"54"}
			"R_Cape_Back2"
			{
				"0.992061", "0.069942", "0.104517", "0.000000",
				"-0.058958", "0.992753", "-0.104718", "0.000000",
				"-0.111083", "0.097725", "0.988995", "0.000000",
				"-0.002590", "-0.000489", "18.901775", "1.000000"
			}
		}
	},
	{"56"
		{
			{"55"}
			"R_Cape_Back2_end"
			{
				"1.000000", "-0.000000", "0.000000", "0.000000",
				"0.000000", "1.000000", "0.000000", "0.000000",
				"0.000000", "0.000000", "1.000000", "0.000000",
				"0.000000", "0.000000", "18.903591", "1.000000"
			}
		}
	},
	{"57"
		{
			{"53"}
			"R_Cape_Front1"
			{
				"0.434933", "0.770526", "0.465965", "0.000000",
				"-0.348045", "0.621107", "-0.702204", "0.000000",
				"-0.830480", "0.143235", "0.538318", "0.000000",
				"-1.561908", "-13.558062", "20.829891", "1.000000"
			}
		}
	},
	{"58"
		{
			{"57"}
			"R_Cape_Front2"
			{
				"1.000000", "0.000043", "-0.000043", "0.000000",
				"-0.000043", "1.000000", "0.000043", "0.000000",
				"0.000043", "-0.000043", "1.000000", "0.000000",
				"2.459322", "-0.673267", "9.677551", "1.000000"
			}
		}
	},
	{"59"
		{
			{"58"}
			"R_Cape_Front2_end"
			{
				"1.000000", "-0.000000", "0.000000", "0.000000",
				"0.000000", "1.000000", "0.000000", "0.000000",
				"0.000000", "0.000000", "1.000000", "0.000000",
				"0.000000", "0.000000", "15.669996", "1.000000"
			}
		}
	},
	{"60"
		{
			{"53"}
			"R_Shoulder"
			{
				"0.575249", "0.744180", "0.339536", "0.000000",
				"-0.488953", "0.645606", "-0.586615", "0.000000",
				"-0.655754", "0.171432", "0.735253", "0.000000",
				"5.958641", "-3.071164", "19.250721", "1.000000"
			}
		}
	},
	{"61"
		{
			{"60"}
			"R_Cape_Mid1"
			{
				"0.960124", "0.267451", "-0.081438", "0.000000",
				"-0.277916", "0.944726", "-0.173943", "0.000000",
				"0.030415", "0.189640", "0.981382", "0.000000",
				"4.091462", "-6.143775", "-3.030520", "1.000000"
			}
		}
	},
	{"62"
		{
			{"61"}
			"R_Cape_Mid2"
			{
				"0.999990", "0.003608", "0.002476", "0.000000",
				"-0.003622", "0.999977", "0.005713", "0.000000",
				"-0.002455", "-0.005722", "0.999981", "0.000000",
				"-0.796323", "-9.068233", "23.678349", "1.000000"
			}
		}
	},
	{"63"
		{
			{"62"}
			"R_Cape_Mid2_end"
			{
				"1.000000", "-0.000000", "0.000000", "0.000000",
				"0.000000", "1.000000", "0.000000", "0.000000",
				"0.000000", "0.000000", "1.000000", "0.000000",
				"0.000000", "0.000000", "26.054081", "1.000000"
			}
		}
	},
	{"64"
		{
			{"60"}
			"R_Elbow"
			{
				"0.095961", "-0.007285", "0.995358", "0.000000",
				"0.004450", "0.999966", "0.006890", "0.000000",
				"-0.995375", "0.003768", "0.095990", "0.000000",
				"-0.002746", "-0.000337", "39.734184", "1.000000"
			}
		}
	},
	{"65"
		{
			{"64"}
			"R_Hand"
			{
				"-0.361173", "0.227294", "0.904374", "0.000000",
				"0.429205", "0.901521", "-0.055169", "0.000000",
				"-0.827851", "0.368236", "-0.423161", "0.000000",
				"-0.002665", "-0.000447", "29.880068", "1.000000"
			}
		}
	},
	{"66"
		{
			{"65"}
			"Flute"
			{
				"-0.363970", "-0.249253", "0.897440", "0.000000",
				"-0.339041", "0.932880", "0.121593", "0.000000",
				"-0.867512", "-0.260013", "-0.424048", "0.000000",
				"33.107140", "223.983917", "122.964958", "1.000000"
			}
		}
	},
	{"67"
		{
			{"66"}
			"Flute_end"
			{
				"1.000000", "-0.000000", "0.000000", "0.000000",
				"0.000000", "1.000000", "0.000000", "0.000000",
				"0.000000", "0.000000", "1.000000", "0.000000",
				"0.000000", "0.000000", "0.542203", "1.000000"
			}
		}
	},
	{"68"
		{
			{"65"}
			"Sword"
			{
				"0.087600", "-0.024140", "-0.995863", "0.000000",
				"0.957498", "0.277838", "0.077491", "0.000000",
				"0.274818", "-0.960325", "0.047453", "0.000000",
				"9.773769", "4.350091", "3.671229", "1.000000"
			}
		}
	},
	{"69"
		{
			{"68"}
			"SwordBlade1"
			{
				"1.000000", "-0.000042", "-0.000044", "0.000000",
				"0.000045", "0.998657", "0.051813", "0.000000",
				"0.000042", "-0.051813", "0.998657", "0.000000",
				"0.002712", "-1.225703", "26.971027", "1.000000"
			}
		}
	},
	{"70"
		{
			{"69"}
			"Buffbone_Glb_Weapon_1"
			{
				"0.000074", "0.052288", "-0.998632", "0.000000",
				"-0.000003", "0.998632", "0.052288", "0.000000",
				"1.000000", "-0.000001", "0.000074", "0.000000",
				"0.002723", "0.292674", "19.093988", "1.000000"
			}
		}
	},
	{"71"
		{
			{"70"}
			"Buffbone_Glb_Weapon_1_end"
			{
				"1.000000", "-0.000000", "0.000000", "0.000000",
				"0.000000", "1.000000", "0.000000", "0.000000",
				"0.000000", "0.000000", "1.000000", "0.000000",
				"0.000000", "0.000000", "19.022764", "1.000000"
			}
		}
	},
	{"72"
		{
			{"69"}
			"SwordBlade2"
			{
				"1.000000", "-0.000040", "-0.000045", "0.000000",
				"0.000044", "0.994905", "0.100818", "0.000000",
				"0.000041", "-0.100818", "0.994905", "0.000000",
				"0.002716", "-2.676994", "52.787403", "1.000000"
			}
		}
	},
	{"73"
		{
			{"72"}
			"SwordBlade3"
			{
				"1.000000", "-0.000042", "-0.000045", "0.000000",
				"0.000045", "0.996469", "0.083960", "0.000000",
				"0.000041", "-0.083960", "0.996469", "0.000000",
				"0.002719", "-3.527758", "52.886269", "1.000000"
			}
		}
	},
	{"74"
		{
			{"73"}
			"SwordBlade4"
			{
				"-0.000042", "-0.000054", "-1.000000", "0.000000",
				"-1.000000", "0.000045", "0.000042", "0.000000",
				"0.000045", "1.000000", "-0.000054", "0.000000",
				"0.002741", "-3.782290", "55.716587", "1.000000"
			}
		}
	},
	{"75"
		{
			{"74"}
			"Cstm_Buffbone_Weapon_Tip"
			{
				"0.000010", "1.000000", "-0.000001", "0.000000",
				"-0.993769", "0.000010", "-0.111461", "0.000000",
				"-0.111461", "0.000002", "0.993769", "0.000000",
				"0.000285", "-0.002722", "-0.000498", "1.000000"
			}
		}
	},
	{"76"
		{
			{"75"}
			"Cstm_Buffbone_Weapon_Tip_end"
			{
				"1.000000", "-0.000000", "0.000000", "0.000000",
				"0.000000", "1.000000", "0.000000", "0.000000",
				"0.000000", "0.000000", "1.000000", "0.000000",
				"0.000000", "0.000000", "0.241827", "1.000000"
			}
		}
	},
	{"77"
		{
			{"65"}
			"R_Buffbone_Glb_Hand_Loc"
			{
				"-0.000003", "-0.000060", "-1.000000", "0.000000",
				"-0.000004", "1.000000", "-0.000060", "0.000000",
				"1.000000", "0.000004", "-0.000003", "0.000000",
				"0.000320", "-0.002702", "-0.000516", "1.000000"
			}
		}
	},
	{"78"
		{
			{"77"}
			"R_Buffbone_Glb_Hand_Loc_end"
			{
				"1.000000", "-0.000000", "0.000000", "0.000000",
				"0.000000", "1.000000", "0.000000", "0.000000",
				"0.000000", "0.000000", "1.000000", "0.000000",
				"0.000000", "0.000000", "0.542206", "1.000000"
			}
		}
	},
	{"79"
		{
			{"65"}
			"R_Pinky1"
			{
				"-0.467403", "0.870907", "0.151840", "0.000000",
				"-0.866097", "-0.485542", "0.118843", "0.000000",
				"0.177226", "-0.075961", "0.981234", "0.000000",
				"10.941813", "5.927441", "1.662167", "1.000000"
			}
		}
	},
	{"80"
		{
			{"79"}
			"R_Pinky2"
			{
				"1.000000", "0.000019", "-0.000058", "0.000000",
				"-0.000058", "0.580569", "-0.814211", "0.000000",
				"0.000019", "0.814211", "0.580569", "0.000000",
				"-0.002720", "-0.000500", "4.386292", "1.000000"
			}
		}
	},
	{"81"
		{
			{"80"}
			"R_Pinky2_end"
			{
				"1.000000", "-0.000000", "0.000000", "0.000000",
				"0.000000", "1.000000", "0.000000", "0.000000",
				"0.000000", "0.000000", "1.000000", "0.000000",
				"0.000000", "0.000000", "4.385207", "1.000000"
			}
		}
	},
	{"82"
		{
			{"65"}
			"R_Ring1"
			{
				"-0.331230", "0.941574", "0.061021", "0.000000",
				"-0.925871", "-0.336804", "0.171246", "0.000000",
				"0.181793", "0.000224", "0.983337", "0.000000",
				"12.846067", "3.484166", "1.157597", "1.000000"
			}
		}
	},
	{"83"
		{
			{"82"}
			"R_Ring2"
			{
				"1.000000", "0.000019", "-0.000058", "0.000000",
				"-0.000058", "0.580569", "-0.814211", "0.000000",
				"0.000019", "0.814211", "0.580569", "0.000000",
				"-0.002735", "-0.000492", "4.786913", "1.000000"
			}
		}
	},
	{"84"
		{
			{"83"}
			"R_Ring2_end"
			{
				"1.000000", "-0.000000", "0.000000", "0.000000",
				"0.000000", "1.000000", "0.000000", "0.000000",
				"0.000000", "0.000000", "1.000000", "0.000000",
				"0.000000", "0.000000", "4.789375", "1.000000"
			}
		}
	},
	{"85"
		{
			{"65"}
			"R_Middle1"
			{
				"-0.229787", "0.971877", "0.051516", "0.000000",
				"-0.881670", "-0.230290", "0.411855", "0.000000",
				"0.412136", "0.049219", "0.909792", "0.000000",
				"13.345528", "0.122316", "0.869274", "1.000000"
			}
		}
	},
	{"86"
		{
			{"85"}
			"R_Middle2"
			{
				"1.000000", "0.000019", "-0.000058", "0.000000",
				"-0.000058", "0.580569", "-0.814211", "0.000000",
				"0.000019", "0.814211", "0.580569", "0.000000",
				"-0.002736", "-0.000510", "5.692200", "1.000000"
			}
		}
	},
	{"87"
		{
			{"86"}
			"R_Middle2_end"
			{
				"1.000000", "-0.000000", "0.000000", "0.000000",
				"0.000000", "1.000000", "0.000000", "0.000000",
				"0.000000", "0.000000", "1.000000", "0.000000",
				"0.000000", "0.000000", "5.693954", "1.000000"
			}
		}
	},
	{"88"
		{
			{"65"}
			"R_Index1"
			{
				"0.018829", "0.998550", "0.050430", "0.000000",
				"-0.929804", "-0.001055", "0.368053", "0.000000",
				"0.367573", "-0.053820", "0.928436", "0.000000",
				"13.470414", "-3.095815", "1.018241", "1.000000"
			}
		}
	},
	{"89"
		{
			{"88"}
			"R_Index2"
			{
				"1.000000", "0.000019", "-0.000058", "0.000000",
				"-0.000058", "0.580569", "-0.814211", "0.000000",
				"0.000019", "0.814211", "0.580569", "0.000000",
				"-0.002714", "-0.000489", "5.718206", "1.000000"
			}
		}
	},
	{"90"
		{
			{"89"}
			"R_Index2_end"
			{
				"1.000000", "-0.000000", "0.000000", "0.000000",
				"0.000000", "1.000000", "0.000000", "0.000000",
				"0.000000", "0.000000", "1.000000", "0.000000",
				"0.000000", "0.000000", "5.717033", "1.000000"
			}
		}
	},
	{"91"
		{
			{"65"}
			"R_Thumb1"
			{
				"0.661451", "0.045920", "-0.748581", "0.000000",
				"0.351612", "0.862648", "0.363604", "0.000000",
				"0.662459", "-0.503717", "0.554453", "0.000000",
				"5.218760", "-4.982966", "2.041795", "1.000000"
			}
		}
	},
	{"92"
		{
			{"91"}
			"R_Thumb2"
			{
				"1.000000", "0.000036", "-0.000050", "0.000000",
				"-0.000049", "0.957551", "-0.288263", "0.000000",
				"0.000038", "0.288263", "0.957551", "0.000000",
				"-0.002719", "-0.000508", "6.113643", "1.000000"
			}
		}
	},
	{"93"
		{
			{"92"}
			"R_Thumb2_end"
			{
				"1.000000", "-0.000000", "0.000000", "0.000000",
				"0.000000", "1.000000", "0.000000", "0.000000",
				"0.000000", "0.000000", "1.000000", "0.000000",
				"0.000000", "0.000000", "6.129599", "1.000000"
			}
		}
	},
	{"94"
		{
			{"4"}
			"Neck"
			{
				"1.000000", "0.000043", "-0.000043", "0.000000",
				"-0.000043", "1.000000", "0.000043", "0.000000",
				"0.000043", "-0.000043", "1.000000", "0.000000",
				"0.000319", "-0.821309", "25.136675", "1.000000"
			}
		}
	},
	{"95"
		{
			{"94"}
			"Head"
			{
				"0.543873", "-0.819714", "-0.179641", "0.000000",
				"0.809250", "0.568976", "-0.146226", "0.000000",
				"0.222075", "-0.065846", "0.972804", "0.000000",
				"0.000318", "3.402886", "8.601212", "1.000000"
			}
		}
	},
	{"96"
		{
			{"95"}
			"Hat"
			{
				"-1.000000", "0.000043", "-0.000043", "0.000000",
				"-0.000043", "-1.000000", "-0.000043", "0.000000",
				"-0.000043", "-0.000043", "1.000000", "0.000000",
				"0.000322", "0.415963", "20.254387", "1.000000"
			}
		}
	},
	{"97"
		{
			{"96"}
			"Hat_end"
			{
				"1.000000", "-0.000000", "0.000000", "0.000000",
				"0.000000", "1.000000", "0.000000", "0.000000",
				"0.000000", "0.000000", "1.000000", "0.000000",
				"0.000000", "0.000000", "20.257706", "1.000000"
			}
		}
	},
	{"98"
		{
			{"95"}
			"Hair1"
			{
				"1.000000", "-0.000037", "0.000066", "0.000000",
				"-0.000056", "0.231208", "0.972904", "0.000000",
				"-0.000051", "-0.972904", "0.231208", "0.000000",
				"0.000321", "-13.900027", "21.878599", "1.000000"
			}
		}
	},
	{"99"
		{
			{"98"}
			"L_Hair1"
			{
				"-0.000534", "0.999999", "0.001399", "0.000000",
				"0.999971", "0.000523", "0.007619", "0.000000",
				"0.007618", "0.001403", "-0.999970", "0.000000",
				"-20.383659", "-1.729898", "30.310444", "1.000000"
			}
		}
	},
	{"100"
		{
			{"99"}
			"L_Hair1_end"
			{
				"1.000000", "-0.000000", "0.000000", "0.000000",
				"0.000000", "1.000000", "0.000000", "0.000000",
				"0.000000", "0.000000", "1.000000", "0.000000",
				"0.000000", "0.000000", "21.111418", "1.000000"
			}
		}
	},
	{"101"
		{
			{"98"}
			"R_Hair1"
			{
				"0.000522", "-0.999999", "-0.001399", "0.000000",
				"0.999973", "0.000512", "0.007291", "0.000000",
				"-0.007290", "-0.001403", "0.999972", "0.000000",
				"21.929443", "0.032706", "20.304516", "1.000000"
			}
		}
	},
	{"102"
		{
			{"101"}
			"R_Hair1_end"
			{
				"1.000000", "-0.000000", "0.000000", "0.000000",
				"0.000000", "1.000000", "0.000000", "0.000000",
				"0.000000", "0.000000", "1.000000", "0.000000",
				"0.000000", "0.000000", "21.111418", "1.000000"
			}
		}
	},
	{"103"
		{
			{"98"}
			"R_Hair2"
			{
				"0.004297", "-0.999493", "-0.031539", "0.000000",
				"0.999988", "0.004372", "-0.002304", "0.000000",
				"0.002441", "-0.031528", "0.999500", "0.000000",
				"11.936674", "-4.228966", "68.075386", "1.000000"
			}
		}
	},
	{"104"
		{
			{"103"}
			"R_Hair2_end"
			{
				"1.000000", "-0.000000", "0.000000", "0.000000",
				"0.000000", "1.000000", "0.000000", "0.000000",
				"0.000000", "0.000000", "1.000000", "0.000000",
				"0.000000", "0.000000", "21.111416", "1.000000"
			}
		}
	},
	{"105"
		{
			{"98"}
			"L_Hair2"
			{
				"-0.004303", "0.999493", "0.031538", "0.000000",
				"0.999988", "0.004374", "-0.002184", "0.000000",
				"-0.002320", "0.031529", "-0.999500", "0.000000",
				"-13.032097", "-0.484098", "64.126770", "1.000000"
			}
		}
	},
	{"106"
		{
			{"105"}
			"L_Hair2_end"
			{
				"1.000000", "-0.000000", "0.000000", "0.000000",
				"0.000000", "1.000000", "0.000000", "0.000000",
				"0.000000", "0.000000", "1.000000", "0.000000",
				"0.000000", "0.000000", "21.111420", "1.000000"
			}
		}
	},
	{"107"
		{
			{"98"}
			"Hair_Top"
			{
				"0.999989", "0.000720", "-0.004586", "0.000000",
				"-0.000684", "0.999968", "0.007953", "0.000000",
				"0.004592", "-0.007950", "0.999958", "0.000000",
				"-0.017983", "21.633966", "28.216480", "1.000000"
			}
		}
	},
	{"108"
		{
			{"107"}
			"Hair_Top_end"
			{
				"1.000000", "-0.000000", "0.000000", "0.000000",
				"0.000000", "1.000000", "0.000000", "0.000000",
				"0.000000", "0.000000", "1.000000", "0.000000",
				"0.000000", "0.000000", "21.111416", "1.000000"
			}
		}
	},
	{"109"
		{
			{"98"}
			"Hair2"
			{
				"0.999999", "0.000580", "0.000846", "0.000000",
				"-0.000580", "1.000000", "-0.000266", "0.000000",
				"-0.000846", "0.000265", "0.999999", "0.000000",
				"0.002722", "0.009151", "21.112656", "1.000000"
			}
		}
	},
	{"110"
		{
			{"109"}
			"Hair3"
			{
				"0.999989", "0.003956", "-0.002603", "0.000000",
				"-0.003869", "0.999454", "0.032796", "0.000000",
				"0.002732", "-0.032785", "0.999459", "0.000000",
				"0.002720", "-0.000656", "30.602589", "1.000000"
			}
		}
	},
	{"111"
		{
			{"110"}
			"Hair4"
			{
				"0.999963", "-0.000043", "0.008559", "0.000000",
				"0.000043", "1.000000", "-0.000043", "0.000000",
				"-0.008559", "0.000043", "0.999963", "0.000000",
				"0.002705", "-0.000248", "34.192520", "1.000000"
			}
		}
	},
	{"112"
		{
			{"111"}
			"Hair4_end"
			{
				"1.000000", "-0.000000", "0.000000", "0.000000",
				"0.000000", "1.000000", "0.000000", "0.000000",
				"0.000000", "0.000000", "1.000000", "0.000000",
				"0.000000", "0.000000", "34.194916", "1.000000"
			}
		}
	},
	{"113"
		{
			{"95"}
			"C_Buffbone_Glb_Head_Loc"
			{
				"1.000000", "0.000043", "-0.000043", "0.000000",
				"-0.000043", "1.000000", "0.000043", "0.000000",
				"0.000043", "-0.000043", "1.000000", "0.000000",
				"0.000322", "-0.002719", "-0.000487", "1.000000"
			}
		}
	},
	{"114"
		{
			{"113"}
			"C_Buffbone_Glb_Head_Loc_end"
			{
				"1.000000", "-0.000000", "0.000000", "0.000000",
				"0.000000", "1.000000", "0.000000", "0.000000",
				"0.000000", "0.000000", "1.000000", "0.000000",
				"0.000000", "0.000000", "20.257706", "1.000000"
			}
		}
	},
	{"115"
		{
			{"-1"}
			"Root_Lower"
			{
				"1.000000", "-0.000043", "-0.000043", "0.000000",
				"0.000043", "-0.000043", "1.000000", "0.000000",
				"-0.000043", "-1.000000", "-0.000043", "0.000000",
				"-10.117945", "125.533775", "21.253136", "1.000000"
			}
		}
	},
	{"116"
		{
			{"115"}
			"Pelvis"
			{
				"0.295751", "-0.955261", "0.002851", "0.000000",
				"0.931638", "0.287775", "-0.221893", "0.000000",
				"0.211145", "0.068281", "0.975067", "0.000000",
				"0.000320", "1.208724", "7.559447", "1.000000"
			}
		}
	},
	{"117"
		{
			{"116"}
			"Sheath"
			{
				"-0.822880", "-0.135607", "-0.551797", "0.000000",
				"0.555201", "-0.398534", "-0.730015", "0.000000",
				"-0.120915", "-0.907073", "0.403235", "0.000000",
				"-36.424519", "-16.075443", "17.405760", "1.000000"
			}
		}
	},
	{"118"
		{
			{"117"}
			"Sword_Sheathed"
			{
				"-0.000042", "0.118021", "0.993011", "0.000000",
				"0.000005", "0.993011", "-0.118021", "0.000000",
				"-1.000000", "-0.000000", "-0.000042", "0.000000",
				"0.000313", "4.622334", "27.722355", "1.000000"
			}
		}
	},
	{"119"
		{
			{"118"}
			"Sword_Sheathed_end"
			{
				"1.000000", "-0.000000", "0.000000", "0.000000",
				"0.000000", "1.000000", "0.000000", "0.000000",
				"0.000000", "0.000000", "1.000000", "0.000000",
				"0.000000", "0.000000", "28.125950", "1.000000"
			}
		}
	},
	{"120"
		{
			{"116"}
			"Rope_Base"
			{
				"0.420432", "0.907319", "-0.003007", "0.000000",
				"0.008235", "-0.007129", "-0.999941", "0.000000",
				"-0.907287", "0.420382", "-0.010469", "0.000000",
				"-6.919403", "0.196409", "5.425828", "1.000000"
			}
		}
	},
	{"121"
		{
			{"120"}
			"L_Rope_Back1"
			{
				"0.980802", "-0.143583", "0.131951", "0.000000",
				"-0.070245", "0.371087", "0.925937", "0.000000",
				"-0.181914", "-0.917430", "0.353877", "0.000000",
				"3.839484", "-5.310493", "17.642384", "1.000000"
			}
		}
	},
	{"122"
		{
			{"121"}
			"L_Rope_Back2"
			{
				"0.999357", "-0.007275", "0.035105", "0.000000",
				"0.007868", "0.999828", "-0.016803", "0.000000",
				"-0.034977", "0.017068", "0.999242", "0.000000",
				"0.002723", "-0.000504", "34.749237", "1.000000"
			}
		}
	},
	{"123"
		{
			{"122"}
			"L_Rope_Back3"
			{
				"0.998448", "-0.006026", "-0.055354", "0.000000",
				"0.005559", "0.999948", "-0.008592", "0.000000",
				"0.055403", "0.008271", "0.998430", "0.000000",
				"0.002705", "-0.000457", "26.024111", "1.000000"
			}
		}
	},
	{"124"
		{
			{"123"}
			"L_Rope_Back3_end"
			{
				"1.000000", "-0.000000", "0.000000", "0.000000",
				"0.000000", "1.000000", "0.000000", "0.000000",
				"0.000000", "0.000000", "1.000000", "0.000000",
				"0.000000", "0.000000", "26.024452", "1.000000"
			}
		}
	},
	{"125"
		{
			{"120"}
			"L_Rope_Front1"
			{
				"0.935682", "-0.288111", "0.203696", "0.000000",
				"-0.081268", "0.385803", "0.918995", "0.000000",
				"-0.343359", "-0.876440", "0.337574", "0.000000",
				"-3.477874", "-5.036589", "18.375992", "1.000000"
			}
		}
	},
	{"126"
		{
			{"125"}
			"L_Rope_Front2"
			{
				"0.999357", "-0.007275", "0.035106", "0.000000",
				"0.007868", "0.999828", "-0.016803", "0.000000",
				"-0.034977", "0.017068", "0.999242", "0.000000",
				"0.002717", "-0.000521", "38.146671", "1.000000"
			}
		}
	},
	{"127"
		{
			{"126"}
			"L_Rope_Front2_end"
			{
				"1.000000", "-0.000000", "0.000000", "0.000000",
				"0.000000", "1.000000", "0.000000", "0.000000",
				"0.000000", "0.000000", "1.000000", "0.000000",
				"0.000000", "0.000000", "38.146198", "1.000000"
			}
		}
	},
	{"128"
		{
			{"116"}
			"Gourd"
			{
				"-0.814059", "0.037283", "-0.579584", "0.000000",
				"-0.171952", "-0.968668", "0.179205", "0.000000",
				"-0.554744", "0.245544", "0.794964", "0.000000",
				"11.540162", "23.660631", "12.004464", "1.000000"
			}
		}
	},
	{"129"
		{
			{"128"}
			"Gourd_Base"
			{
				"1.000000", "-0.000043", "0.000042", "0.000000",
				"-0.000043", "-1.000000", "-0.000043", "0.000000",
				"0.000042", "0.000043", "-1.000000", "0.000000",
				"1.347846", "-0.128520", "18.616722", "1.000000"
			}
		}
	},
	{"130"
		{
			{"129"}
			"Bottle"
			{
				"1.000000", "0.000000", "-0.000000", "0.000000",
				"-0.000000", "1.000000", "0.000000", "0.000000",
				"0.000000", "-0.000000", "1.000000", "0.000000",
				"-0.064332", "-0.145426", "3.119990", "1.000000"
			}
		}
	},
	{"131"
		{
			{"130"}
			"Bottle1"
			{
				"1.000000", "-0.000000", "-0.000000", "0.000000",
				"0.000000", "1.000000", "-0.000000", "0.000000",
				"0.000000", "0.000000", "1.000000", "0.000000",
				"0.064331", "4.286755", "-0.016819", "1.000000"
			}
		}
	},
	{"132"
		{
			{"131"}
			"Bottle1_end"
			{
				"1.000000", "-0.000000", "0.000000", "0.000000",
				"0.000000", "1.000000", "0.000000", "0.000000",
				"0.000000", "0.000000", "1.000000", "0.000000",
				"0.000000", "0.000000", "4.136829", "1.000000"
			}
		}
	},
	{"133"
		{
			{"130"}
			"Bottle2"
			{
				"1.000000", "-0.000000", "0.000000", "0.000000",
				"0.000000", "1.000000", "0.000000", "0.000000",
				"-0.000000", "-0.000000", "1.000000", "0.000000",
				"-1.011260", "5.770999", "13.842779", "1.000000"
			}
		}
	},
	{"134"
		{
			{"133"}
			"Bottle2_end"
			{
				"1.000000", "-0.000000", "0.000000", "0.000000",
				"0.000000", "1.000000", "0.000000", "0.000000",
				"0.000000", "0.000000", "1.000000", "0.000000",
				"0.000000", "0.000000", "4.136829", "1.000000"
			}
		}
	},
	{"135"
		{
			{"130"}
			"Bottle3"
			{
				"1.000000", "-0.000000", "-0.000000", "0.000000",
				"0.000000", "1.000000", "0.000000", "0.000000",
				"0.000000", "-0.000000", "1.000000", "0.000000",
				"0.064317", "-4.136293", "-0.016823", "1.000000"
			}
		}
	},
	{"136"
		{
			{"135"}
			"Bottle3_end"
			{
				"1.000000", "-0.000000", "0.000000", "0.000000",
				"0.000000", "1.000000", "0.000000", "0.000000",
				"0.000000", "0.000000", "1.000000", "0.000000",
				"0.000000", "0.000000", "4.136829", "1.000000"
			}
		}
	},
	{"137"
		{
			{"130"}
			"Bottle4"
			{
				"1.000000", "0.000000", "0.000000", "0.000000",
				"-0.000000", "1.000000", "0.000000", "0.000000",
				"-0.000000", "-0.000000", "1.000000", "0.000000",
				"-1.011273", "-4.777839", "17.758226", "1.000000"
			}
		}
	},
	{"138"
		{
			{"137"}
			"Bottle4_end"
			{
				"1.000000", "-0.000000", "0.000000", "0.000000",
				"0.000000", "1.000000", "0.000000", "0.000000",
				"0.000000", "0.000000", "1.000000", "0.000000",
				"0.000000", "0.000000", "4.136829", "1.000000"
			}
		}
	},
	{"139"
		{
			{"130"}
			"Bottle5"
			{
				"1.000000", "-0.000001", "0.000000", "0.000000",
				"0.000001", "1.000000", "-0.000000", "0.000000",
				"-0.000000", "0.000000", "1.000000", "0.000000",
				"-1.011264", "0.924274", "25.037657", "1.000000"
			}
		}
	},
	{"140"
		{
			{"139"}
			"Bottle5_end"
			{
				"1.000000", "-0.000000", "0.000000", "0.000000",
				"0.000000", "1.000000", "0.000000", "0.000000",
				"0.000000", "0.000000", "1.000000", "0.000000",
				"0.000000", "0.000000", "4.136829", "1.000000"
			}
		}
	},
	{"141"
		{
			{"116"}
			"L_Hip"
			{
				"-0.991665", "0.123625", "0.036288", "0.000000",
				"-0.115108", "-0.723578", "-0.680578", "0.000000",
				"-0.057879", "-0.679082", "0.731777", "0.000000",
				"-11.492681", "2.271026", "6.310027", "1.000000"
			}
		}
	},
	{"142"
		{
			{"141"}
			"L_KneeUpper"
			{
				"-0.000041", "-0.000037", "-1.000000", "0.000000",
				"1.000000", "-0.000063", "-0.000041", "0.000000",
				"-0.000063", "-1.000000", "0.000037", "0.000000",
				"0.002677", "-0.000504", "52.917412", "1.000000"
			}
		}
	},
	{"143"
		{
			{"142"}
			"L_KneeLower"
			{
				"0.000057", "1.000000", "0.000006", "0.000000",
				"-0.631740", "0.000041", "-0.775181", "0.000000",
				"-0.775181", "0.000040", "0.631740", "0.000000",
				"0.000319", "0.002714", "0.000505", "1.000000"
			}
		}
	},
	{"144"
		{
			{"143"}
			"L_Foot"
			{
				"-0.002646", "-0.150543", "-0.988600", "0.000000",
				"-0.999679", "-0.024509", "0.006408", "0.000000",
				"-0.025194", "0.988299", "-0.150430", "0.000000",
				"0.002720", "-0.000520", "53.827946", "1.000000"
			}
		}
	},
	{"145"
		{
			{"144"}
			"L_Buffbone_Glb_Foot_Loc"
			{
				"-0.000067", "-1.000000", "-0.000032", "0.000000",
				"0.000368", "0.000032", "-1.000000", "0.000000",
				"1.000000", "-0.000067", "0.000368", "0.000000",
				"0.000320", "-0.002716", "-0.000503", "1.000000"
			}
		}
	},
	{"146"
		{
			{"145"}
			"L_Buffbone_Glb_Foot_Loc_end"
			{
				"1.000000", "-0.000000", "0.000000", "0.000000",
				"0.000000", "1.000000", "0.000000", "0.000000",
				"0.000000", "0.000000", "1.000000", "0.000000",
				"0.000000", "0.000000", "0.071730", "1.000000"
			}
		}
	},
	{"147"
		{
			{"144"}
			"L_Toe"
			{
				"0.347935", "-0.000050", "-0.937519", "0.000000",
				"0.000001", "1.000000", "-0.000053", "0.000000",
				"0.937519", "0.000017", "0.347935", "0.000000",
				"-7.809028", "-0.371533", "12.608998", "1.000000"
			}
		}
	},
	{"148"
		{
			{"147"}
			"L_Toe_end"
			{
				"1.000000", "-0.000000", "0.000000", "0.000000",
				"0.000000", "1.000000", "0.000000", "0.000000",
				"0.000000", "0.000000", "1.000000", "0.000000",
